6
16
34
61
97
137
170
224
270
322
385
439
496
564
642
741
847
933
1009
1102
1215
1333
1444
1537
1656
1768
1909
2041
2169
2292
2405
2557
2709
2847
2982
3121
3284
3433
3600
3763
3921
4076
4220
4383
4545
4717
4906
5063
5238
5421
5585
5753
5919
6089
6251
6432
6610
6784
6974
7170
7357
7569
7757
7928
8121
8298
8487
8669
8833
9023
9224
9408
9609
9797
9996
10168
10364
10534
10730
10914
11098
11267
11460
11660
11832
12002
12194
12374
12583
12756
12952
13172
13384
13570
13749
13957
14123
14288
14488
14655
14845
15039
15244
15439
15633
15815
15994
16164
16360
16542
16720
16919
17112
17279
17456
17641
17825
18023
18193
18361
18526
18718
18889
19073
19258
19439
19616
19802
20011
20199
20392
20564
20770
20956
21112
21295
21474
21655
21822
22004
22187
22327
22518
22690
22867
23051
23213
23388
23571
23755
23961
24162
24338
24510
24692
24893
25056
25239
25413
25577
25764
25943
26123
26295
26467
26625
26776
26950
27116
27293
27483
27644
27804
27968
28155
28322
28520
28702
28872
29011
29181
29352
29524
29685
29868
30031
30177
30342
30520
30700
30872
31052
31217
31391
31550
31721
31880
32036
32214
32367
32532
32670
32843
33008
33153
33312
33477
33626
33805
33960
34109
34268
34418
34583
34743
34894
35048
35201
35349
35504
35680
35822
36004
36162
36328
36479
36635
36791
36942
37083
37242
37384
37544
37677
37837
37987
38136
38295
38454
38612
38744
38886
39054
39227
39364
39485
39626
39769
39937
40072
40234
40378
40525
40676
40828
40970
41121
41269
41413
41576
41718
41866
42026
42157
42291
42412
42558
42704
42835
42969
43117
43252
43400
43545
43690
43819
43966
44103
44242
44371
44489
44617
44755
44887
45023
45155
45291
45449
45578
45706
45840
45959
46100
46232
46363
46491
46609
46733
46861
46981
47089
47217
47348
47478
47584
47720
47819
47954
48072
48196
48317
48435
48552
48676
48797
48907
49022
49166
49288
49396
49533
49667
49807
49922
50053
50181
50291
50402
50516
50622
50731
50841
50958
51071
51191
51313
51445
51576
51706
51798
51904
52019
52144
52262
52378
52498
52617
52726
52844
52947
53053
53174
53290
53419
53535
53652
53761
53857
53991
54101
54216
54311
54411
54513
54617
54714
54840
54940
55049
55158
55255
55364
55458
55576
55698
55810
55933
56040
56163
56258
56357
56470
56565
56663
56790
56897
56995
57100
57178
57268
57365
57448
57538
57637
57757
57866
57988
58095
58191
58301
58413
58513
58630
58727
58824
58920
59035
59131
59238
59335
59436
59532
59650
59738
59828
59924
60022
60100
60196
60285
60372
60468
60573
60657
60769
60874
60958
61045
61152
61249
61350
61441
61520
61600
61711
61807
61913
62014
62103
62201
62300
62371
62438
62523
62611
62694
62781
62865
62957
63038
63133
63209
63292
63398
63494
63579
63661
63747
63835
63911
63992
64071
64165
64247
64323
64415
64497
64593
64679
64752
64820
64911
64993
65087
65175
65249
65344
65440
65537
65629
65700
65778
65856
65945
66035
66123
66199
66273
66358
66431
66507
66597
66679
66759
66848
66945
67018
67096
67184
67263
67342
67422
67482
67555
67639
67720
67797
67877
67958
68039
68130
68206
68285
68357
68428
68523
68601
68685
68764
68851
68925
69000
69077
69148
69231
69293
69373
69428
69499
69565
69635
69724
69799
69884
69958
70033
70106
70178
70241
70324
70393
70474
70545
70605
70662
70724
70793
70852
70923
70992
71065
71137
71207
71279
71342
71421
71484
71550
71618
71681
71744
71817
71879
71940
72006
72072
72143
72211
72267
72341
72417
72502
72567
72625
72683
72748
72813
72872
72940
73010
73081
73155
73220
73283
73350
73418
73469
73544
73605
73673
73739
73805
73875
73949
74019
74084
74149
74193
74264
74335
74393
74464
74532
74583
74640
74706
74779
74849
74907
74955
75020
75082
75140
75205
75276
75338
75392
75455
75508
75552
75618
75673
75732
75805
75859
75921
75984
76058
76120
76177
76240
76308
76365
76420
76474
76530
76583
76636
76691
76749
76791
76867
76903
76965
77025
77085
77136
77186
77232
77293
77345
77397
77447
77502
77554
77610
77672
77721
77771
77831
77887
77950
78004
78054
78109
78160
78222
78276
78328
78385
78430
78484
78531
78571
78613
78672
78720
78771
78815
78853
78907
78955
79003
79059
79122
79169
79221
79273
79334
79388
79439
79480
79532
79613
79656
79704
79761
79813
79873
79921
79982
80030
80072
80119
80165
80219
80262
80309
80351
80395
80439
80485
80538
80583
80634
80675
80711
80753
80792
80840
80885
80919
80960
81008
81045
81102
81138
81191
81233
81287
81326
81372
81423
81460
81505
81561
81605
81656
81692
81726
81768
81815
81844
81875
81928
81977
82028
82074
82126
82163
82208
82255
82296
82345
82379
82421
82453
82489
82538
82585
82632
82672
82702
82743
82781
82816
82861
82902
82943
82990
83020
83055
83097
83130
83161
83199
83233
83271
83316
83371
83409
83451
83487
83526
83563
83597
83643
83694
83728
83752
83799
83834
83870
83900
83941
83975
84012
84055
84093
84126
84174
84211
84239
84261
84303
84343
84383
84418
84459
84498
84538
84585
84634
84681
84718
84760
84803
84840
84881
84916
84956
84985
85033
85072
85103
85135
85178
85218
85253
85294
85325
85355
85393
85428
85460
85486
85523
85556
85603
85638
85674
85715
85752
85770
85802
85836
85863
85906
85942
85983
86013
86058
86088
86125
86157
86193
86229
86261
86291
86325
86355
86380
86418
86458
86486
86516
86550
86574
86600
86642
86676
86711
86741
86766
86791
86824
86862
86897
86935
86966
87004
87044
87069
87097
87129
87153
87185
87205
87242
87274
87303
87334
87367
87399
87430
87459
87489
87531
87557
87586
87618
87647
87682
87717
87750
87778
87799
87839
87870
87907
87936
87971
88004
88031
88057
88088
88117
88143
88180
88208
88234
88256
88281
88304
88336
88359
88385
88409
88427
88455
88487
88530
88554
88585
88605
88632
88662
88692
88721
88752
88789
88807
88834
88867
88889
88920
88945
88977
89005
89039
89073
89094
89134
89163
89188
89212
89242
89266
89293
89325
89354
89385
89417
89431
89457
89482
89503
89521
89548
89572
89607
89631
89654
89686
89713
89736
89765
89785
89807
89830
89856
89880
89895
89920
89940
89966
89990
90010
90035
90057
90075
90095
90115
90141
90172
90199
90238
90260
90287
90312
90338
90363
90392
90414
90439
90459
90485
90510
90532
90549
90572
90590
90612
90653
90677
90700
90716
90743
90763
90790
90819
90835
90858
90890
90913
90932
90950
90971
90993
91013
91039
91060
91078
91104
91130
91146
91169
91182
91204
91227
91241
91263
91281
91297
91314
91339
91357
91377
91391
91410
91434
91455
91470
91484
91505
91529
91552
91576
91592
91612
91629
91651
91670
91684
91697
91713
91731
91749
91777
91794
91820
91840
91858
91879
91897
91913
91935
91957
91974
91991
92010
92032
92052
92066
92091
92106
92123
92148
92169
92190
92202
92224
92243
92256
92271
92287
92305
92329
92342
92359
92377
92400
92412
92428
92443
92467
92489
92512
92533
92555
92572
92593
92612
92629
92638
92656
92672
92695
92720
92730
92745
92759
92775
92787
92800
92821
92842
92864
92876
92887
92900
92919
92932
92949
92964
92980
92992
93011
93024
93037
93056
93073
93090
93103
93118
93133
93147
93161
93171
93182
93201
93218
93231
93247
93272
93284
93297
93315
93334
93350
93371
93388
93401
93418
93431
93444
93464
93480
93496
93509
93524
93537
93549
93556
93567
93583
93600
93613
93619
93630
93647
93658
93671
93696
93710
93724
93740
93759
93776
93792
93803
93814
93828
93837
93850
93864
93876
93884
93899
93912
93929
93941
93956
93975
93991
94003
94019
94036
94052
94061
94076
94091
94100
94114
94126
94138
94145
94153
94163
94178
94194
94213
94232
94244
94255
94275
94289
94308
94324
94339
94354
94360
94374
94390
94402
94414
94424
94440
94452
94462
94479
94493
94505
94515
94529
94544
94553
94571
94578
94597
94608
94626
94634
94651
94662
94672
94684
94693
94700
94717
94730
94750
94762
94776
94788
94798
94813
94826
94837
94847
94857
94868
94882
94891
94905
94914
94925
94937
94953
94966
94979
94985
94997
95010
95023
95034
95041
95053
95063
95074
95081
95093
95112
95130
95145
95161
95174
95186
95198
95215
95221
95229
95244
95255
95264
95278
95286
95304
95317
95330
95346
95360
95364
95380
95391
95406
95412
95419
95428
95435
95447
95457
95466
95478
95491
95502
95509
95517
95532
95544
95555
95568
95586
95590
95602
95609
95621
95627
95641
95653
95661
95677
95685
95690
95702
95717
95732
95741
95750
95760
95771
95781
95794
95800
95810
95819
95826
95837
95846
95855
95868
95877
95887
95899
95913
95926
95935
95943
95954
95968
95978
95983
95992
96002
96013
96027
96033
96043
96052
96060
96072
96081
96086
96090
96100
96110
96119
96128
96142
96157
96170
96180
96194
96209
96220
96232
96243
96256
96263
96277
96283
96290
96298
96303
96314
96325
96331
96344
96356
96366
96374
96386
96389
96399
96409
96421
96432
96444
96452
96461
96473
96483
96492
96502
96508
96517
96525
96531
96537
96549
96557
96559
96572
96575
96581
96598
96608
96615
96632
96643
96653
96659
96666
96672
96684
96691
96698
96709
96717
96725
96729
96736
96747
96757
96764
96772
96775
96781
96789
96798
96801
96807
96813
96819
96834
96836
96845
96857
96868
96872
96877
96888
96895
96905
96911
96919
96928
96939
96949
96953
96963
96973
96978
96984
96991
97001
97008
97013
97018
97025
97036
97040
97044
97046
97055
97067
97072
97078
97091
97095
97104
97110
97113
97118
97124
97136
97138
97145
97154
97167
97174
97182
97191
97198
97204
97209
97216
97223
97230
97241
97249
97258
97260
97267
97272
97274
97282
97287
97292
97301
97313
97317
97321
97328
97339
97345
97352
97354
97362
97369
97376
97382
97388
97392
97404
97411
97418
97427
97428
97441
97448
97451
97454
97458
97463
97470
97475
97480
97489
97490
97497
97504
97509
97511
97518
97526
97533
97542
97543
97549
97552
97557
97559
97570
97574
97581
97585
97593
97596
97600
97603
97607
97615
97622
97631
97637
97646
97651
97654
97661
97665
97673
97677
97684
97690
97693
97699
97703
97709
97712
97714
97722
97726
97731
97739
97745
97749
97756
97760
97766
97772
97776
97780
97782
97786
97792
97801
97804
97812
97816
97822
97828
97834
97837
97843
97847
97854
97857
97862
97865
97871
97875
97877
97883
97887
97889
97895
97898
97903
97906
97910
97915
97921
97930
97935
97939
97941
97948
97954
97958
97962
97966
97972
97976
97983
97990
97995
97997
98004
98011
98013
98017
98025
98029
98032
98038
98042
98046
98051
98055
98058
98060
98063
98068
98074
98076
98080
98088
98092
98094
98101
98106
98108
98111
98112
98117
98124
98135
98136
98138
98143
98148
98152
98156
98159
98162
98164
98169
98172
98173
98178
98182
98187
98195
98202
98205
98209
98211
98214
98219
98223
98230
98234
98238
98241
98246
98254
98258
98264
98269
98274
98277
98280
98284
98287
98289
98296
98300
98303
98306
98310
98315
98323
98328
98331
98335
98342
98346
98348
98351
98357
98363
98364
98369
98372
98376
98379
98382
98386
98391
98394
98397
98400
98403
98407
98410
98413
98417
98422
98426
98430
98437
98443
98448
98449
98451
98454
98459
98462
98464
98466
98471
98476
98479
98480
98482
98486
98487
98492
98499
98504
98512
98513
98517
98522
98523
98526
98528
98533
98535
98538
98540
98542
98545
98549
98554
98560
98562
98570
98572
98576
98578
98584
98591
98594
98597
98599
98602
98607
98611
98615
98620
98623
98628
98633
98634
98638
98641
98644
98647
98649
98652
98657
98659
98664
98670
98672
98676
98679
98679
98683
98687
98693
98696
98701
98704
98708
98713
98718
98720
98722
98727
98731
98734
98738
98740
98745
98747
98752
98754
98759
98768
98771
98776
98780
98787
98789
98791
98795
98795
98798
98800
98805
98807
98809
98811
98814
98816
98819
98822
98825
98827
98833
98835
98837
98840
98842
98843
98846
98850
98853
98857
98861
98863
98866
98872
98876
98877
98882
98887
98890
98893
98897
98898
98902
98904
98904
98906
98906
98913
98914
98919
98919
98919
98927
98929
98930
98933
98934
98937
98943
98945
98948
98948
98949
98950
98951
98953
98955
98955
98957
98958
98959
98964
98967
98967
98970
98976
98980
98982
98987
98988
98991
98993
98994
98994
98996
98999
99002
99004
99006
99008
99011
99012
99014
99015
99017
99019
99021
99022
99026
99029
99032
99036
99038
99038
99039
99045
99046
99050
99055
99058
99062
99063
99064
99066
99069
99072
99073
99075
99076
99078
99079
99080
99081
99082
99084
99084
99087
99092
99095
99096
99099
99100
99100
99100
99103
99107
99107
99110
99110
99111
99113
99116
99117
99121
99121
99124
99125
99129
99130
99131
99134
99135
99137
99137
99139
99141
99143
99149
99153
99155
99157
99158
99159
99163
99166
99170
99172
99173
99175
99177
99179
99180
99181
99184
99185
99188
99188
99190
99195
99198
99202
99205
99206
99208
99210
99212
99213
99215
99217
99219
99221
99221
99225
99227
99228
99229
99230
99231
99233
99234
99236
99238
99238
99241
99244
99247
99249
99252
99253
99256
99258
99258
99258
99260
99267
99267
99267
99267
99271
99271
99272
99273
99276
99278
99278
99280
99280
99283
99283
99284
99285
99288
99289
99291
99294
99295
99298
99299
99299
99299
99301
99302
99304
99304
99308
99310
99311
99314
99315
99316
99318
99322
99323
99324
99327
99331
99334
99334
99335
99336
99340
99340
99341
99343
99343
99346
99347
99348
99350
99352
99356
99358
99358
99360
99361
99362
99363
99365
99366
99366
99368
99370
99371
99374
99377
99378
99378
99379
99383
99386
99386
99387
99389
99391
99392
99393
99394
99397
99398
99402
99405
99406
99406
99410
99411
99412
99414
99417
99418
99418
99418
99419
99420
99420
99421
99424
99426
99428
99428
99429
99431
99432
99432
99435
99435
99436
99437
99440
99440
99441
99442
99443
99444
99445
99449
99450
99452
99453
99453
99454
99455
99456
99456
99457
99459
99460
99461
99463
99464
99464
99465
99466
99467
99468
99470
99471
99471
99472
99475
99477
99479
99479
99479
99479
99481
99482
99482
99483
99485
99486
99486
99487
99489
99491
99494
99497
99499
99499
99499
99500
99500
99502
99503
99504
99505
99508
99510
99510
99510
99513
99514
99515
99516
99517
99517
99519
99521
99522
99523
99524
99524
99525
99525
99526
99527
99527
99528
99528
99529
99530
99530
99531
99531
99531
99532
99532
99532
99534
99534
99535
99538
99539
99540
99541
99543
99545
99545
99546
99548
99549
99549
99550
99550
99550
99550
99552
99554
99554
99554
99555
99556
99556
99558
99558
99559
99561
99562
99564
99564
99565
99565
99566
99567
99572
99573
99574
99575
99576
99578
99578
99579
99579
99580
99582
99582
99582
99583
99583
99584
99584
99585
99585
99587
99587
99588
99592
99593
99595
99596
99596
99596
99598
99598
99599
99600
99601
99604
99604
99606
99606
99607
99607
99609
99609
99611
99613
99614
99616
99617
99619
99619
99621
99622
99623
99624
99626
99627
99627
99627
99628
99630
99632
99633
99634
99634
99634
99635
99636
99637
99638
99638
99639
99639
99640
99640
99640
99643
99644
99644
99646
99647
99648
99650
99650
99650
99650
99651
99651
99652
99654
99655
99656
99656
99657
99658
99660
99661
99661
99661
99662
99662
99662
99663
99665
99666
99668
99668
99668
99669
99669
99670
99671
99674
99676
99676
99676
99676
99677
99677
99677
99677
99679
99679
99680
99681
99681
99681
99681
99682
99683
99683
99683
99685
99685
99687
99687
99687
99689
99691
99694
99694
99696
99696
99698
99699
99700
99700
99700
99701
99701
99702
99702
99702
99704
99704
99704
99704
99705
99706
99706
99707
99708
99709
99710
99710
99711
99712
99713
99713
99714
99715
99715
99718
99718
99720
99720
99722
99723
99724
99724
99724
99724
99724
99725
99725
99726
99726
99727
99727
99727
99729
99730
99730
99730
99730
99731
99734
99734
99734
99734
99734
99735
99735
99736
99738
99738
99738
99738
99738
99738
99740
99741
99742
99743
99743
99744
99745
99745
99745
99745
99745
99745
99746
99746
99746
99747
99747
99748
99748
99748
99748
99749
99749
99749
99749
99750
99751
99752
99753
99753
99753
99753
99755
99755
99755
99757
99758
99759
99759
99759
99760
99761
99761
99761
99762
99762
99764
99764
99764
99765
99766
99768
99768
99768
99768
99768
99768
99768
99768
99768
99769
99769
99769
99769
99770
99771
99771
99772
99773
99773
99773
99773
99774
99774
99776
99776
99776
99777
99777
99777
99778
99778
99779
99779
99779
99779
99780
99780
99780
99780
99783
99783
99783
99783
99785
99785
99786
99787
99787
99788
99791
99791
99792
99792
99793
99793
99793
99794
99794
99794
99794
99794
99794
99795
99795
99796
99796
99796
99796
99796
99797
99799
99799
99801
99801
99803
99803
99806
99806
99806
99806
99806
99806
99806
99806
99807
99807
99808
99811
99812
99813
99814
99815
99815
99815
99815
99816
99816
99816
99816
99816
99816
99817
99817
99817
99817
99817
99817
99817
99818
99818
99818
99819
99819
99820
99820
99821
99821
99821
99821
99821
99821
99821
99822
99822
99822
99822
99822
99824
99825
99825
99825
99825
99826
99828
99828
99829
99829
99830
99831
99831
99831
99833
99833
99833
99834
99834
99834
99835
99835
99835
99835
99835
99836
99836
99836
99836
99837
99837
99837
99837
99837
99840
99841
99842
99842
99842
99842
99842
99842
99842
99844
99844
99844
99845
99845
99847
99847
99848
99849
99849
99850
99851
99851
99851
99851
99851
99852
99853
99853
99854
99854
99854
99854
99854
99855
99856
99856
99856
99857
99857
99857
99858
99858
99859
99859
99860
99860
99861
99863
99863
99863
99864
99865
99865
99865
99866
99866
99867
99867
99867
99868
99869
99869
99870
99870
99870
99870
99871
99872
99872
99873
99873
99875
99875
99876
99876
99876
99876
99876
99876
99876
99876
99877
99877
99877
99877
99877
99879
99879
99880
99880
99880
99880
99880
99880
99882
99882
99882
99882
99882
99882
99883
99884
99884
99884
99884
99884
99884
99885
99885
99885
99885
99886
99887
99888
99889
99890
99891
99891
99891
99891
99893
99894
99894
99894
99894
99894
99896
99896
99896
99897
99897
99897
99898
99898
99898
99900
99900
99901
99901
99901
99901
99901
99902
99903
99903
99905
99905
99905
99907
99908
99910
99910
99910
99910
99910
99910
99910
99910
99912
99912
99912
99912
99912
99912
99912
99912
99912
99912
99912
99912
99912
99912
99914
99914
99914
99914
99914
99914
99914
99914
99915
99915
99915
99915
99915
99915
99915
99915
99915
99916
99916
99916
99916
99916
99917
99917
99917
99917
99917
99917
99917
99918
99918
99918
99918
99918
99918
99919
99920
99921
99921
99921
99921
99921
99921
99921
99921
99921
99921
99921
99921
99921
99921
99921
99922
99922
99922
99922
99922
99922
99922
99923
99923
99923
99923
99923
99923
99923
99923
99923
99923
99923
99923
99923
99923
99923
99923
99923
99923
99923
99923
99923
99923
99923
99923
99923
99923
99923
99923
99923
99923
99923
99923
99923
99923
99923
99923
99923
99924
99924
99924
99924
99924
99925
99925
99925
99925
99925
99925
99925
99925
99925
99925
99925
99925
99926
99926
99926
99926
99926
99926
99926
99926
99926
99926
99926
99926
99926
99927
99927
99927
99927
99927
99927
99927
99927
99927
99927
99927
99927
99928
99928
99928
99928
99928
99928
99928
99928
99928
99928
99928
99929
99929
99929
99929
99929
99929
99929
99929
99929
99929
99929
99930
99930
99930
99930
99930
99931
99931
99931
99932
99933
99933
99933
99933
99934
99934
99934
99934
99934
99934
99934
99934
99934
99934
99934
99934
99934
99934
99934
99934
99934
99934
99934
99934
99934
99934
99934
99934
99934
99934
99934
99934
99934
99934
99934
99934
99935
99936
99936
99936
99936
99936
99936
99936
99936
99936
99936
99936
99936
99936
99936
99936
99936
99937
99937
99937
99937
99938
99938
99938
99938
99938
99938
99938
99939
99939
99939
99939
99939
99940
99940
99941
99941
99941
99941
99941
99941
99941
99941
99942
99942
99942
99942
99942
99943
99944
99944
99944
99944
99944
99944
99944
99944
99945
99945
99945
99945
99945
99945
99945
99945
99945
99945
99945
99945
99945
99945
99945
99945
99945
99945
99945
99945
99945
99946
99946
99947
99947
99947
99947
99947
99947
99947
99947
99947
99947
99947
99947
99947
99947
99947
99947
99947
99947
99947
99947
99947
99947
99947
99947
99947
99947
99948
99948
99948
99949
99949
99949
99949
99949
99949
99949
99949
99949
99949
99949
99949
99950
99950
99950
99951
99951
99951
99951
99951
99951
99951
99951
99951
99951
99951
99951
99951
99951
99951
99951
99951
99951
99953
99953
99954
99954
99954
99954
99954
99954
99955
99955
99955
99955
99955
99955
99955
99955
99955
99955
99955
99955
99955
99955
99955
99955
99955
99956
99956
99956
99956
99956
99956
99956
99956
99956
99956
99956
99956
99956
99956
99956
99956
99956
99956
99957
99957
99957
99957
99957
99957
99958
99960
99960
99960
99960
99960
99960
99960
99960
99960
99960
99960
99960
99960
99960
99960
99960
99960
99960
99960
99960
99960
99960
99960
99960
99961
99961
99961
99962
99962
99962
99962
99962
99963
99963
99963
99963
99963
99963
99963
99963
99963
99963
99963
99963
99963
99963
99963
99963
99963
99963
99963
99963
99963
99963
99963
99963
99963
99963
99964
99965
99965
99965
99965
99965
99965
99965
99965
99965
99965
99965
99965
99965
99965
99965
99965
99965
99965
99965
99965
99965
99965
99965
99965
99965
99965
99965
99965
99965
99965
99965
99966
99966
99966
99966
99966
99966
99966
99966
99966
99966
99966
99966
99966
99966
99966
99966
99966
99966
99966
99966
99966
99966
99966
99966
99966
99966
99966
99966
99966
99966
99966
99966
99966
99967
99967
99967
99967
99967
99967
99967
99967
99967
99967
99967
99967
99967
99967
99967
99967
99967
99968
99968
99968
99968
99968
99968
99968
99968
99968
99968
99968
99968
99968
99968
99968
99968
99968
99969
99969
99969
99969
99969
99969
99969
99969
99969
99969
99969
99969
99969
99969
99969
99969
99969
99969
99969
99970
99970
99970
99970
99970
99970
99970
99970
99970
99970
99970
99970
99970
99970
99970
99970
99970
99970
99970
99970
99970
99970
99970
99970
99970
99970
99970
99970
99970
99970
99970
99970
99970
99970
99971
99972
99972
99972
99972
99972
99972
99972
99973
99973
99973
99973
99973
99973
99973
99973
99973
99973
99973
99973
99973
99973
99973
99973
99973
99973
99973
99973
99973
99973
99973
99973
99973
99973
99973
99973
99973
99973
99973
99973
99973
99973
99973
99973
99973
99973
99973
99973
99973
99973
99973
99973
99973
99973
99973
99973
99973
99973
99973
99973
99973
99973
99973
99973
99973
99973
99973
99974
99974
99974
99974
99974
99974
99974
99974
99974
99974
99974
99974
99974
99974
99974
99974
99974
99974
99974
99974
99974
99974
99974
99974
99974
99974
99974
99974
99974
99974
99974
99974
99974
99974
99975
99975
99975
99975
99975
99975
99975
99975
99975
99975
99975
99975
99975
99975
99975
99975
99975
99975
99975
99975
99975
99975
99976
99976
99976
99976
99976
99976
99976
99976
99976
99976
99976
99976
99976
99976
99976
99976
99976
99977
99977
99977
99977
99977
99977
99977
99977
99977
99977
99977
99977
99977
99977
99977
99977
99977
99977
99977
99977
99978
99978
99978
99978
99978
99978
99978
99978
99978
99978
99978
99978
99978
99978
99978
99979
99979
99979
99979
99979
99979
99979
99979
99979
99979
99979
99979
99979
99979
99979
99979
99980
99980
99980
99981
99981
99981
99981
99981
99981
99981
99981
99981
99981
99981
99981
99981
99981
99981
99981
99981
99981
99981
99981
99981
99981
99981
99981
99981
99981
99982
99982
99982
99982
99982
99982
99982
99982
99982
99983
99983
99983
99983
99983
99984
99984
99984
99984
99984
99984
99984
99984
99984
99984
99984
99984
99984
99984
99984
99984
99984
99985
99985
99985
99985
99985
99985
99985
99985
99985
99985
99985
99985
99985
99985
99985
99985
99985
99985
99985
99985
99985
99985
99985
99986
99986
99986
99986
99986
99986
99986
99986
99986
99986
99986
99986
99986
99986
99986
99986
99986
99986
99986
99986
99986
99986
99986
99986
99986
99986
99986
99986
99986
99986
99986
99986
99986
99986
99986
99986
99986
99986
99986
99986
99986
99986
99986
99986
99986
99986
99986
99986
99986
99986
99986
99986
99986
99986
99986
99986
99986
99987
99987
99987
99987
99987
99987
99987
99987
99987
99987
99987
99987
99987
99987
99987
99987
99987
99987
99987
99987
99987
99987
99987
99987
99987
99987
99987
99987
99987
99987
99987
99987
99987
99987
99987
99987
99987
99987
99987
99987
99987
99987
99987
99987
99987
99987
99987
99987
99987
99987
99987
99987
99987
99987
99987
99987
99987
99987
99987
99987
99987
99987
99987
99987
99987
99987
99987
99987
99987
99987
99987
99987
99988
99988
99988
99988
99988
99988
99988
99988
99988
99988
99988
99988
99988
99988
99988
99988
99988
99988
99988
99988
99988
99988
99988
99988
99988
99988
99988
99988
99988
99988
99988
99988
99988
99988
99988
99988
99988
99989
99989
99989
99989
99989
99989
99989
99989
99989
99989
99989
99989
99989
99989
99989
99989
99989
99989
99989
99989
99989
99989
99989
99989
99989
99989
99989
99989
99989
99989
99989
99989
99989
99989
99989
99989
99989
99989
99989
99989
99989
99989
99989
99989
99989
99989
99989
99989
99989
99989
99989
99989
99989
99989
99989
99990
99990
99990
99990
99990
99990
99990
99990
99991
99991
99991
99991
99991
99991
99991
99991
99991
99991
99991
99991
99991
99991
99991
99991
99991
99991
99991
99991
99991
99991
99991
99991
99991
99991
99991
99991
99991
99991
99991
99991
99991
99991
99991
99991
99991
99991
99991
99991
99991
99991
99991
99991
99991
99991
99991
99991
99991
99991
99991
99991
99991
99991
99991
99991
99991
99991
99991
99991
99991
99991
99991
99991
99991
99991
99991
99991
99991
99991
99991
99991
99991
99991
99991
99991
99991
99991
99991
99991
99991
99991
99991
99991
99991
99991
99991
99991
99991
99991
99991
99991
99991
99991
99991
99991
99991
99991
99991
99991
99991
99991
99991
99991
99991
99991
99991
99991
99991
99991
99991
99991
99991
99991
99991
99991
99991
99991
99991
99991
99991
99991
99991
99991
99991
99991
99991
99991
99991
99991
99991
99991
99991
99991
99991
99991
99991
99991
99991
99991
99991
99991
99991
99991
99991
99991
99991
99991
99991
99991
99991
99991
99991
99991
99991
99991
99991
99991
99991
99991
99991
99991
99991
99991
99991
99991
99991
99991
99991
99991
99991
99991
99991
99991
99991
99991
99991
99991
99991
99991
99991
99991
99991
99991
99991
99991
99991
99991
99991
99991
99991
99991
99991
99991
99991
99991
99991
99991
99991
99991
99991
99991
99991
99991
99991
99991
99991
99991
99991
99991
99991
99991
99991
99991
99991
99991
99991
99991
99991
99991
99991
99991
99991
99991
99991
99991
99991
99991
99991
99991
99991
99991
99991
99991
99991
99991
99991
99991
99991
99991
99991
99991
99991
99991
99991
99991
99991
99991
99991
99991
99991
99991
99991
99991
99992
99992
99992
99992
99992
99992
99992
99992
99992
99992
99992
99992
99992
99992
99992
99992
99992
99992
99992
99992
99992
99992
99992
99992
99992
99992
99992
99992
99992
99992
99992
99992
99992
99992
99992
99992
99992
99992
99992
99992
99992
99992
99992
99992
99992
99992
99992
99992
99992
99992
99992
99992
99992
99992
99992
99992
99992
99992
99992
99992
99992
99992
99992
99992
99992
99992
99992
99992
99992
99992
99992
99992
99992
99992
99992
99992
99992
99992
99992
99992
99992
99992
99992
99992
99992
99992
99992
99992
99992
99992
99992
99992
99992
99992
99992
99992
99992
99992
99992
99992
99992
99992
99992
99992
99992
99992
99992
99992
99992
99992
99992
99992
99992
99992
99992
99992
99992
99992
99992
99992
99992
99992
99992
99992
99992
99992
99992
99992
99992
99992
99992
99992
99992
99992
99992
99992
99992
99992
99992
99992
99992
99992
99992
99992
99993
99993
99993
99993
99993
99993
99993
99993
99993
99993
99993
99993
99993
99993
99993
99993
99993
99993
99993
99993
99993
99993
99993
99993
99993
99993
99993
99993
99993
99993
99993
99993
99993
99993
99993
99993
99993
99993
99993
99993
99993
99993
99993
99993
99993
99993
99993
99993
99993
99993
99993
99993
99993
99993
99993
99993
99993
99993
99993
99993
99993
99993
99993
99993
99993
99993
99993
99993
99993
99993
99993
99993
99993
99993
99993
99993
99993
99993
99993
99993
99993
99993
99993
99993
99993
99993
99993
99993
99993
99993
99993
99993
99993
99993
99993
99993
99993
99993
99993
99993
99993
99993
99994
99994
99994
99994
99994
99994
99994
99994
99994
99994
99994
99994
99994
99994
99994
99994
99994
99994
99994
99994
99994
99994
99994
99994
99994
99994
99994
99994
99994
99994
99994
99994
99994
99994
99994
99994
99994
99994
99994
99994
99994
99994
99994
99994
99994
99994
99994
99994
99994
99994
99994
99994
99994
99994
99994
99994
99994
99994
99994
99994
99994
99994
99994
99994
99994
99994
99994
99994
99994
99994
99994
99994
99994
99994
99994
99994
99994
99994
99994
99994
99994
99994
99994
99994
99994
99994
99994
99994
99994
99994
99994
99994
99994
99995
99995
99995
99995
99995
99995
99995
99995
99995
99995
99995
99995
99995
99995
99995
99995
99995
99995
99995
99995
99995
99995
99995
99995
99995
99995
99995
99995
99995
99995
99995
99995
99995
99995
99995
99995
99995
99995
99995
99995
99995
99995
99995
99995
99995
99995
99995
99995
99995
99995
99995
99995
99995
99995
99995
99995
99995
99995
99995
99995
99995
99995
99995
99995
99995
99995
99995
99995
99995
99995
99995
99995
99995
99995
99995
99995
99995
99995
99995
99995
99995
99995
99995
99995
99995
99995
99995
99995
99995
99995
99995
99995
99995
99995
99995
99995
99995
99995
99995
99995
99995
99995
99995
99995
99995
99995
99995
99995
99995
99995
99995
99995
99995
99995
99995
99995
99995
99995
99995
99995
99995
99995
99995
99995
99995
99995
99995
99995
99995
99995
99995
99995
99995
99995
99995
99995
99995
99995
99995
99995
99995
99995
99995
99995
99995
99995
99995
99995
99995
99995
99995
99995
99995
99995
99995
99995
99995
99995
99995
99995
99995
99995
99995
99995
99995
99995
99995
99995
99995
99995
99995
99995
99995
99995
99995
99995
99995
99995
99995
99995
99995
99995
99995
99995
99995
99996
99996
99996
99996
99996
99996
99996
99996
99996
99996
99996
99996
99996
99996
99996
99996
99996
99996
99996
99996
99996
99996
99996
99996
99996
99996
99996
99996
99996
99996
99996
99996
99996
99996
99996
99996
99996
99996
99996
99996
99996
99996
99996
99996
99996
99996
99996
99996
99996
99996
99996
99996
99996
99996
99996
99996
99996
99996
99996
99996
99996
99996
99996
99996
99996
99996
99996
99996
99996
99996
99996
99996
99996
99996
99996
99996
99996
99996
99996
99996
99996
99996
99996
99996
99996
99996
99996
99996
99996
99996
99996
99996
99996
99996
99996
99996
99996
99996
99996
99996
99996
99996
99996
99996
99996
99996
99996
99996
99996
99996
99996
99996
99996
99996
99996
99996
99996
99996
99997
99997
99997
99997
99997
99997
99997
99997
99997
99997
99997
99997
99997
99997
99997
99997
99997
99997
99997
99997
99997
99997
99997
99997
99997
99997
99997
99997
99997
99997
99997
99997
99997
99997
99997
99997
99997
99997
99997
99997
99997
99997
99997
99997
99997
99997
99997
99997
99997
99997
99997
99997
99997
99997
99997
99997
99997
99997
99997
99997
99997
99997
99997
99997
99997
99997
99997
99997
99997
99997
99997
99997
99997
99997
99997
99997
99997
99997
99997
99997
99997
99997
99997
99997
99997
99997
99997
99997
99997
99997
99997
99997
99997
99997
99997
99997
99997
99997
99997
99997
99997
99997
99997
99997
99997
99997
99997
99998
99998
99998
99998
99998
99998
99998
99998
99998
99998
99998
99998
99998
99998
99998
99998
99998
99998
99998
99998
99998
99998
99998
99998
99998
99998
99998
99998
99998
99998
99998
99998
99998
99998
99998
99998
99998
99998
99998
99998
99998
99998
99998
99998
99998
99998
99998
99998
99998
99998
99998
99998
99998
99998
99998
99998
99998
99998
99998
99998
99998
99998
99998
99998
99998
99998
99998
99998
99998
99998
99998
99998
99998
99998
99998
99998
99998
99998
99998
99998
99998
99998
99998
99998
99998
99998
99998
99998
99998
99998
99998
99998
99998
99998
99998
99998
99998
99998
99998
99998
99998
99998
99998
99998
99998
99998
99998
99998
99998
99998
99998
99998
99998
99998
99998
99998
99998
99998
99998
99998
99998
99998
99998
99998
99998
99998
99998
99998
99998
99998
99998
99998
99998
99998
99998
99998
99998
99998
99998
99998
99998
99998
99998
99998
99998
99998
99998
99998
99998
99998
99998
99998
99998
99998
99998
99998
99998
99998
99998
99998
99998
99998
99998
99998
99998
99998
99998
99998
99998
99998
99998
99998
99998
99998
99998
99998
99998
99998
99998
99998
99998
99998
99998
99998
99998
99998
99998
99998
99998
99998
99998
99998
99998
99998
99998
99998
99998
99998
99998
99998
99998
99998
99998
99998
99998
99998
99998
99998
99998
99998
99998
99998
99998
99998
99998
99998
99998
99998
99998
99998
99998
99998
99998
99998
99998
99998
99998
99998
99998
99998
99998
99998
99998
99998
99998
99998
99998
99998
99998
99998
99998
99998
99998
99998
99998
99998
99998
99998
99998
99998
99998
99998
99998
99998
99998
99998
99998
99998
99998
99998
99998
99998
99998
99998
99998
99998
99998
99998
99998
99998
99998
99998
99998
99998
99998
99998
99998
99998
99998
99998
99998
99998
99998
99998
99998
99998
99998
99998
99998
99998
99998
99998
99998
99998
99998
99998
99998
99998
99998
99998
99998
99998
99998
99998
99998
99998
99998
99998
99998
99998
99998
99998
99998
99998
99998
99998
99998
99998
99998
99998
99998
99998
99998
99998
99998
99998
99998
99998
99998
99998
99998
99998
99998
99998
99998
99998
99998
99998
99998
99998
99998
99998
99998
99998
99998
99998
99998
99998
99998
99998
99998
99998
99998
99998
99998
99998
99998
99998
99998
99998
99998
99998
99998
99998
99998
99998
99998
99998
99998
99998
99998
99998
99998
99998
99998
99998
99998
99999
99999
99999
99999
99999
99999
99999
99999
99999
99999
99999
99999
99999
99999
99999
99999
99999
99999
99999
99999
99999
99999
99999
99999
99999
99999
99999
99999
99999
99999
99999
99999
99999
99999
99999
99999
99999
99999
99999
99999
99999
99999
99999
99999
99999
99999
99999
99999
99999
99999
99999
99999
99999
99999
99999
99999
99999
99999
99999
99999
99999
99999
99999
99999
99999
99999
99999
99999
99999
99999
99999
99999
99999
99999
99999
99999
99999
99999
99999
99999
99999
99999
99999
99999
99999
99999
99999
99999
99999
99999
99999
99999
99999
99999
99999
99999
99999
99999
99999
99999
99999
99999
99999
99999
99999
99999
99999
99999
99999
99999
99999
99999
99999
99999
99999
99999
99999
99999
99999
99999
99999
99999
99999
99999
99999
99999
99999
99999
99999
99999
99999
99999
99999
99999
99999
99999
99999
99999
99999
99999
99999
100000
100000
100000
100000
100000
100000
100000
100000
100000
100000
100000
100000
100000
100000
100000
100000
100000
100000
100000
100000
100000
100000
100000
100000
100000
100000
100000
100000
100000
100000
100000
100000
100000
100000
100000
100000
100000
100000
100000
100000
100000
100000
100000
100000
100000
100000
100000
100000
100000
100000
100000
100000
100000
100000
100000
100000
100000
100000
100000
100000
100000
100000
100000
100000
100000
100000
100000
100000
100000
100000
100000
100000
100000
100000
100000
100000
100000
100000
100000
100000
100000
100000
100000
100000
100000
100000
100000
100000
100000
100000
100000
100000
100000
100000
100000
100000
100000
100000
100000
100000
100000
100000
100000
100000
100000
100000
100000
100000
100000
100000
100000
100000
100000
100000
100000
100000
100000
100000
100000
100000
100000
100000
100000
100000
100000
100000
100000
100000
100000
100000
100000
100000
100000
100000
100000
100000
100000
100000
100000
100000
100000
100000
100000
100000
100000
100000
100000
100000
100000
100000
100000
100000
100000
100000
100000
100000
100000
100000
100000
100000
100000
100000
100000
100000
100000
100000
100000
100000
100000
100000
100000
100000
100000
100000
100000
100000
100000
100000
100000
100000
100000
100000
100000
100000
100000
100000
100000
100000
100000
100000
100000
100000
100000
100000
100000
100000
100000
100000
100000
100000
100000
100000
100000
100000
100000
100000
100000
100000
100000
100000
100000
100000
100000
100000
100000
100000
100000
100000
100000
100000
100000
100000
100000
100000
100000
100000
100000
100000
100000
100000
100000
100000
100000
100000
100000
100000
100000
100000
100000
100000
100000
100000
100000
100000
100000
100000
100000
100000
100000
100000
100000
100000
100000
100000
100000
100000
100000
100000
100000
100000
100000
100000
100000
100000
100000
100000
100000
100000
100000
100000
100000
100000
100000
100000
100000
100000
100000
100000
100000
100000
100000
100000
100000
100000
100000
100000
100000
100000
100000
100000
100000
100000
100000
100000
100000
100000
100000
100000
100000
100000
100000
100000
100000
100000
100000
100000
100000
100000
100000
100000
100000
100000
100000
100000
100000
100000
100000
100000
100000
100000
100000
100000
100000
100000
100000
100000
100000
100000
100000
100000
100000
100000
100000
100000
100000
100000
100000
100000
100000
100000
100000
100000
100000
100000
100000
100000
100000
100000
100000
100000
100000
100000
100000
100000
100000
100000
100000
100000
100000
100000
100000
100000
100000
100000
100000
100000
100000
100000
100000
100000
100000
100000
100000
100000
100000
100000
100000
100000
100000
100000
100000
100000
100000
100000
100000
100000
100000
100000
100000
100000
100000
100000
100000
100000
100000
100000
100000
100000
100000
100000
100000
100000
100000
100000
100000
100000
100000
100000
100000
100000
100000
100000
100000
100000
100000
100000
100000
100000
100000
100000
100000
100000
100000
100000
100000
100000
100000
100000
100000
100000
100000
100000
100000
100000
100000
100000
100000
100000
100000
100000
100000
100000
100000
100000
100000
100000
100000
100000
100000
100000
100000
100000
100000
100000
100000
100000
100000
100000
100000
100000
100000
100000
100000
100000
100000
100000
100000
100000
100000
100000
100000
100000
100000
100000
100000
100000
100000
100000
100000
100000
100000
100000
100000
100000
100000
100000
100000
100000
100000
100000
100000
100000
100000
100000
100000
100000
100000
100000
100000
100000
100000
100000
100000
100000
100000
100000
100000
100000
100000
100000
100000
100000
100000
100000
100000
100000
100000
100000
100000
100000
100000
100000
100000
100000
100000
100000
100000
100000
100000
100000
100000
100000
100000
100000
100000
100000
100000
100000
100000
100000
100000
100000
100000
100000
100000
100000
100000
100000
100000
100000
100000
100000
100000
100000
100000
100000
100000
100000
100000
100000
100000
100000
100000
100000
100000
100000
100000
100000
100000
100000
100000
100000
100000
100000
100000
100000
100000
100000
100000
100000
100000
100000
100000
100000
100000
100000
100000
100000
100000
100000
100000
100000
100000
100000
100000
100000
100000
100000
100000
100000
100000
100000
100000
100000
100000
100000
100000
100000
100000
100000
100000
100000
100000
100000
100000
100000
100000
100000
100000
100000
100000
100000
100000
100000
100000
100000
100000
100000
100000
100000
100000
100000
100000
100000
100000
100000
100000
100000
100000
100000
100000
100000
100000
100000
100000
100000
100000
100000
100000
100000
100000
100000
100000
100000
100000
100000
100000
100000
100000
100000
100000
100000
100000
100000
100000
100000
100000
100000
100000
100000
100000
100000
100000
100000
100000
100000
100000
100000
100000
100000
100000
100000
100000
100000
100000
100000
100000
100000
100000
100000
100000
100000
100000
100000
100000
100000
100000
100000
100000
100000
100000
100000
100000
100000
100000
100000
100000
100000
100000
100000
100000
100000
100000
100000
100000
100000
100000
100000
100000
100000
100000
100000
100000
100000
100000
100000
100000
100000
100000
100000
100000
100000
100000
100000
100000
100000
100000
100000
100000
100000
100000
100000
100000
100000
100000
100000
100000
100000
100000
100000
100000
100000
100000
100000
100000
100000
100000
100000
100000
100000
100000
100000
100000
100000
100000
100000
100000
100000
100000
100000
100000
100000
100000
100000
100000
100000
100000
100000
100000
100000
100000
100000
100000
100000
100000
100000
100000
100000
100000
100000
100000
100000
100000
100000
100000
100000
100000
100000
100000
100000
100000
100000
100000
100000
100000
100000
100000
100000
100000
100000
100000
100000
100000
100000
100000
100000
100000
100000
100000
100000
100000
100000
100000
100000
100000
100000
100000
100000
100000
100000
100000
100000
100000
100000
100000
100000
100000
100000
100000
100000
100000
100000
100000
100000
100000
100000
100000
100000
100000
100000
100000
100000
100000
100000
100000
100000
100000
100000
100000
100000
100000
100000
100000
100000
100000
100000
100000
100000
100000
100000
100000
100000
100000
100000
100000
100000
100000
100000
100000
100000
100000
100000
100000
100000
100000
100000
100000
100000
100000
100000
100000
100000
100000
100000
100000
100000
100000
100000
100000
100000
100000
100000
100000
100000
100000
100000
100000
100000
100000
100000
100000
100000
100000
100000
100000
100000
100000
100000
100000
100000
100000
100000
100000
100000
100000
100000
100000
100000
100000
100000
100000
100000
100000
100000
100000
100000
100000
100000
100000
100000
100000
100000
100000
100000
100000
100000
100000
100000
100000
100000
100000
100000
100000
100000
100000
100000
100000
100000
100000
100000
100000
100000
100000
100000
100000
100000
100000
100000
100000
100000
100000
100000
100000
100000
100000
100000
100000
100000
100000
100000
100000
100000
100000
100000
100000
100000
100000
100000
100000
100000
100000
100000
100000
100000
100000
100000
100000
100000
100000
100000
100000
100000
100000
100000
100000
100000
100000
100000
100000
100000
100000
100000
100000
100000
100000
100000
100000
100000
100000
100000
100000
100000
100000
100000
100000
100000
100000
100000
100000
100000
100000
100000
100000
100000
100000
100000
100000
100000
100000
100000
100000
100000
100000
100000
100000
100000
100000
100000
100000
100000
100000
100000
100000
100000
100000
100000
100000
100000
100000
100000
100000
100000
100000
100000
100000
100000
100000
100000
100000
100000
100000
100000
100000
100000
100000
100000
100000
100000
100000
100000
100000
100000
100000
100000
100000
100000
100000
100000
100000
100000
100000
100000
100000
100000
100000
100000
100000
100000
100000
100000
100000
100000
100000
100000
100000
100000
100000
100000
100000
100000
100000
100000
100000
100000
100000
100000
100000
100000
100000
100000
100000
100000
100000
100000
100000
100000
100000
100000
100000
100000
100000
100000
100000
100000
100000
100000
100000
100000
100000
100000
100000
100000
100000
100000
100000
100000
100000
100000
100000
100000
100000
100000
100000
100000
100000
100000
100000
100000
100000
100000
100000
100000
100000
100000
100000
100000
100000
100000
100000
100000
100000
100000
100000
100000
100000
100000
100000
100000
100000
100000
100000
100000
100000
100000
100000
100000
100000
100000
100000
100000
100000
100000
100000
100000
100000
100000
100000
100000
100000
100000
100000
100000
100000
100000
100000
100000
100000
100000
100000
100000
100000
100000
100000
100000
100000
100000
100000
100000
100000
100000
100000
100000
100000
100000
100000
100000
100000
100000
100000
100000
100000
100000
100000
100000
100000
100000
100000
100000
100000
100000
100000
100000
100000
100000
100000
100000
100000
100000
100000
100000
100000
100000
100000
100000
100000
100000
100000
100000
100000
100000
100000
100000
100000
100000
100000
100000
100000
100000
100000
100000
100000
100000
100000
100000
100000
100000
100000
100000
100000
100000
100000
100000
100000
100000
100000
100000
100000
100000
100000
100000
100000
100000
100000
100000
100000
100000
100000
100000
100000
100000
100000
100000
100000
100000
100000
100000
100000
100000
100000
100000
100000
100000
100000
100000
100000
100000
100000
100000
100000
100000
100000
100000
100000
100000
100000
100000
100000
100000
100000
100000
100000
100000
100000
100000
100000
100000
100000
100000
100000
100000
100000
100000
100000
100000
100000
100000
100000
100000
100000
100000
100000
100000
100000
100000
100000
100000
100000
100000
100000
100000
100000
100000
100000
100000
100000
100000
100000
100000
100000
100000
100000
100000
100000
100000
100000
100000
100000
100000
100000
100000
100000
100000
100000
100000
100000
100000
100000
100000
100000
100000
100000
100000
100000
100000
100000
100000
100000
100000
100000
100000
100000
100000
100000
100000
100000
100000
100000
100000
100000
100000
100000
100000
100000
100000
100000
100000
100000
100000
100000
100000
100000
100000
100000
100000
100000
100000
100000
100000
100000
100000
100000
100000
100000
100000
100000
100000
100000
100000
100000
100000
100000
100000
100000
100000
100000
100000
100000
100000
100000
100000
100000
100000
100000
100000
100000
100000
100000
100000
100000
100000
100000
100000
100000
100000
100000
100000
100000
100000
100000
100000
100000
100000
100000
100000
100000
100000
100000
100000
100000
100000
100000
100000
100000
100000
100000
100000
100000
100000
100000
100000
100000
100000
100000
100000
100000
100000
100000
100000
100000
100000
100000
100000
100000
100000
100000
100000
100000
100000
100000
100000
100000
100000
100000
100000
100000
100000
100000
100000
100000
100000
100000
100000
100000
100000
100000
100000
100000
100000
100000
100000
100000
100000
100000
100000
100000
100000
100000
100000
100000
100000
100000
100000
100000
100000
100000
100000
100000
100000
100000
100000
100000
100000
100000
100000
100000
100000
100000
100000
100000
100000
100000
100000
100000
100000
100000
100000
100000
100000
100000
100000
100000
100000
100000
100000
100000
100000
100000
100000
100000
100000
100000
100000
100000
100000
100000
100000
100000
100000
100000
100000
100000
100000
100000
100000
100000
100000
100000
100000
100000
100000
100000
100000
100000
100000
100000
100000
100000
100000
100000
100000
100000
100000
100000
100000
100000
100000
100000
100000
100000
100000
100000
100000
100000
100000
100000
100000
100000
100000
100000
100000
100000
100000
100000
100000
100000
100000
100000
100000
100000
100000
100000
100000
100000
100000
100000
100000
100000
100000
100000
100000
100000
100000
100000
100000
100000
100000
100000
100000
100000
100000
100000
100000
100000
100000
100000
100000
100000
100000
100000
100000
100000
100000
100000
100000
100000
100000
100000
100000
100000
100000
100000
100000
100000
100000
100000
100000
100000
100000
100000
100000
100000
100000
100000
100000
100000
100000
100000
100000
100000
100000
100000
100000
100000
100000
100000
100000
100000
100000
100000
100000
100000
100000
100000
100000
100000
100000
100000
100000
100000
100000
100000
100000
100000
100000
100000
100000
100000
100000
100000
100000
100000
100000
100000
100000
100000
100000
100000
100000
100000
100000
100000
100000
100000
100000
100000
100000
100000
100000
100000
100000
100000
100000
100000
100000
100000
100000
100000
100000
100000
100000
100000
100000
100000
100000
100000
100000
100000
100000
100000
100000
100000
100000
100000
100000
100000
100000
100000
100000
100000
100000
100000
100000
100000
100000
100000
100000
100000
100000
100000
100000
100000
100000
100000
100000
100000
100000
100000
100000
100000
100000
100000
100000
100000
100000
100000
100000
100000
100000
100000
100000
100000
100000
100000
100000
100000
100000
100000
100000
100000
100000
100000
100000
100000
100000
100000
100000
100000
100000
100000
100000
100000
100000
100000
100000
100000
100000
100000
100000
100000
100000
100000
100000
100000
100000
100000
100000
100000
100000
100000
100000
100000
100000
100000
100000
100000
100000
100000
100000
100000
100000
100000
100000
100000
100000
100000
100000
100000
100000
100000
100000
100000
100000
100000
100000
100000
100000
100000
100000
100000
100000
100000
100000
100000
100000
100000
100000
100000
100000
100000
100000
100000
100000
100000
100000
100000
100000
100000
100000
100000
100000
100000
100000
100000
100000
100000
100000
100000
100000
100000
100000
100000
100000
100000
100000
100000
100000
100000
100000
100000
100000
100000
100000
100000
100000
100000
100000
100000
100000
100000
100000
100000
100000
100000
100000
100000
100000
100000
100000
100000
100000
100000
100000
100000
100000
100000
100000
100000
100000
100000
100000
100000
100000
100000
100000
100000
100000
100000
100000
100000
100000
100000
100000
100000
100000
100000
100000
100000
100000
100000
100000
100000
100000
100000
100000
100000
100000
100000
100000
100000
100000
100000
100000
100000
100000
100000
100000
100000
100000
100000
100000
100000
100000
100000
100000
100000
100000
100000
100000
100000
100000
100000
100000
100000
100000
100000
100000
100000
100000
100000
100000
100000
100000
100000
100000
100000
100000
100000
100000
100000
100000
100000
100000
100000
100000
100000
100000
100000
100000
100000
100000
100000
100000
100000
100000
100000
100000
100000
100000
100000
100000
100000
100000
100000
100000
100000
100000
100000
100000
100000
100000
100000
100000
100000
100000
100000
100000
100000
100000
100000
100000
100000
100000
100000
100000
100000
100000
100000
100000
100000
100000
100000
100000
100000
100000
100000
100000
100000
100000
100000
100000
100000
100000
100000
100000
100000
100000
100000
100000
100000
100000
100000
100000
100000
100000
100000
100000
100000
100000
100000
100000
100000
100000
100000
100000
100000
100000
100000
100000
100000
100000
100000
100000
100000
100000
100000
100000
100000
100000
100000
100000
100000
100000
100000
100000
100000
100000
100000
100000
100000
100000
100000
100000
100000
100000
100000
100000
100000
100000
100000
100000
100000
100000
100000
100000
100000
100000
100000
100000
100000
100000
100000
100000
100000
100000
100000
100000
100000
100000
100000
100000
100000
100000
100000
100000
100000
100000
100000
100000
100000
100000
100000
100000
100000
100000
100000
100000
100000
100000
100000
100000
100000
100000
100000
100000
100000
100000
100000
100000
100000
100000
100000
100000
100000
100000
100000
100000
100000
100000
100000
100000
100000
100000
100000
100000
100000
100000
100000
100000
100000
100000
100000
100000
100000
100000
100000
100000
100000
100000
100000
100000
100000
100000
100000
100000
100000
100000
100000
100000
100000
100000
100000
100000
100000
100000
100000
100000
100000
100000
100000
100000
100000
100000
100000
100000
100000
100000
100000
100000
100000
100000
100000
100000
100000
100000
100000
100000
100000
100000
100000
100000
100000
100000
100000
100000
100000
100000
100000
100000
100000
100000
100000
100000
100000
100000
100000
100000
100000
100000
100000
100000
100000
100000
100000
100000
100000
100000
100000
100000
100000
100000
100000
100000
100000
100000
100000
100000
100000
100000
100000
100000
100000
100000
100000
100000
100000
100000
100000
100000
100000
100000
100000
100000
100000
100000
100000
100000
100000
100000
100000
100000
100000
100000
100000
100000
100000
100000
100000
100000
100000
100000
100000
100000
100000
100000
100000
100000
100000
100000
100000
100000
100000
100000
100000
100000
100000
100000
100000
100000
100000
100000
100000
100000
100000
100000
100000
100000
100000
100000
100000
100000
100000
100000
100000
100000
100000
100000
100000
100000
100000
100000
100000
100000
100000
100000
100000
100000
100000
100000
100000
100000
100000
100000
100000
100000
100000
100000
100000
100000
100000
100000
100000
100000
100000
100000
100000
100000
100000
100000
100000
100000
100000
100000
100000
100000
100000
100000
100000
100000
100000
100000
100000
100000
100000
100000
100000
100000
100000
100000
100000
100000
100000
100000
100000
100000
100000
100000
100000
100000
100000
100000
100000
100000
100000
100000
100000
100000
100000
100000
100000
100000
100000
100000
100000
100000
100000
100000
100000
100000
100000
100000
100000
100000
100000
100000
100000
100000
100000
100000
100000
100000
100000
100000
100000
100000
100000
100000
100000
100000
100000
100000
100000
100000
100000
100000
100000
100000
100000
100000
100000
100000
100000
100000
100000
100000
100000
100000
100000
100000
100000
100000
100000
100000
100000
100000
100000
100000
100000
100000
100000
100000
100000
100000
100000
100000
100000
100000
100000
100000
100000
100000
100000
100000
100000
100000
100000
100000
100000
100000
100000
100000
100000
100000
100000
100000
100000
100000
100000
100000
100000
100000
100000
100000
100000
100000
100000
100000
100000
100000
100000
100000
100000
100000
100000
100000
100000
100000
100000
100000
100000
100000
100000
100000
100000
100000
100000
100000
100000
100000
100000
100000
100000
100000
100000
100000
100000
100000
100000
100000
100000
100000
100000
100000
100000
100000
100000
100000
100000
100000
100000
100000
100000
100000
100000
100000
100000
100000
100000
100000
100000
100000
100000
100000
100000
100000
100000
100000
100000
100000
100000
100000
100000
100000
100000
100000
100000
100000
100000
100000
100000
100000
100000
100000
100000
100000
100000
100000
100000
100000
100000
100000
100000
100000
100000
100000
100000
100000
100000
100000
100000
100000
100000
100000
100000
100000
100000
100000
100000
100000
100000
100000
100000
100000
100000
100000
100000
100000
100000
100000
100000
100000
100000
100000
100000
100000
100000
100000
100000
100000
100000
100000
100000
100000
100000
100000
100000
100000
100000
100000
100000
100000
100000
100000
100000
100000
100000
100000
100000
100000
100000
100000
100000
100000
100000
100000
100000
100000
100000
100000
100000
100000
100000
100000
100000
100000
100000
100000
100000
100000
100000
100000
100000
100000
100000
100000
100000
100000
100000
100000
100000
100000
100000
100000
100000
100000
100000
100000
100000
100000
100000
100000
100000
100000
100000
100000
100000
100000
100000
100000
100000
100000
100000
100000
100000
100000
100000
100000
100000
100000
100000
100000
100000
100000
100000
100000
100000
100000
100000
100000
100000
100000
100000
100000
100000
100000
100000
100000
100000
100000
100000
100000
100000
100000
100000
100000
100000
100000
100000
100000
100000
100000
100000
100000
100000
100000
100000
100000
100000
100000
100000
100000
100000
100000
100000
100000
100000
100000
100000
100000
100000
100000
100000
100000
100000
100000
100000
100000
100000
100000
100000
100000
100000
100000
100000
100000
100000
100000
100000
100000
100000
100000
100000
100000
100000
100000
100000
100000
100000
100000
100000
100000
100000
100000
100000
100000
100000
100000
100000
100000
100000
100000
100000
100000
100000
100000
100000
100000
100000
100000
100000
100000
100000
100000
100000
100000
100000
100000
100000
100000
100000
100000
100000
100000
100000
100000
100000
100000
100000
100000
100000
100000
100000
100000
100000
100000
100000
100000
100000
100000
100000
100000
100000
100000
100000
100000
100000
100000
100000
100000
100000
100000
100000
100000
100000
100000
100000
100000
100000
100000
100000
100000
100000
100000
100000
100000
100000
100000
100000
100000
100000
100000
100000
100000
100000
100000
100000
100000
100000
100000
100000
100000
100000
100000
100000
100000
100000
100000
100000
100000
100000
100000
100000
100000
100000
100000
100000
100000
100000
100000
100000
100000
100000
100000
100000
100000
100000
100000
100000
100000
100000
100000
100000
100000
100000
100000
100000
100000
100000
100000
100000
100000
100000
100000
100000
100000
100000
100000
100000
100000
100000
100000
100000
100000
100000
100000
100000
100000
100000
100000
100000
100000
100000
100000
100000
100000
100000
100000
100000
100000
100000
100000
100000
100000
100000
100000
100000
100000
100000
100000
100000
100000
100000
100000
100000
100000
100000
100000
100000
100000
100000
100000
100000
100000
100000
100000
100000
100000
100000
100000
100000
100000
100000
100000
100000
100000
100000
100000
100000
100000
100000
100000
100000
100000
100000
100000
100000
100000
100000
100000
100000
100000
100000
100000
100000
100000
100000
100000
100000
100000
100000
100000
100000
100000
100000
100000
100000
100000
100000
100000
100000
100000
100000
100000
100000
100000
100000
100000
100000
100000
100000
100000
100000
100000
100000
100000
100000
100000
100000
100000
100000
100000
100000
100000
100000
100000
100000
100000
100000
100000
100000
100000
100000
100000
100000
100000
100000
100000
100000
100000
100000
100000
100000
100000
100000
100000
100000
100000
100000
100000
100000
100000
100000
100000
100000
100000
100000
100000
100000
100000
100000
100000
100000
100000
100000
100000
100000
100000
100000
100000
100000
100000
100000
100000
100000
100000
100000
100000
100000
100000
100000
100000
100000
100000
100000
100000
100000
100000
100000
100000
100000
100000
100000
100000
100000
100000
100000
100000
100000
100000
100000
100000
100000
100000
100000
100000
100000
100000
100000
100000
100000
100000
100000
100000
100000
100000
100000
100000
100000
100000
100000
100000
100000
100000
100000
100000
100000
100000
100000
100000
100000
100000
100000
100000
100000
100000
100000
100000
100000
100000
100000
100000
100000
100000
100000
100000
100000
100000
100000
100000
100000
100000
100000
100000
100000
100000
100000
100000
100000
100000
100000
100000
100000
100000
100000
100000
100000
100000
100000
100000
100000
100000
100000
100000
100000
100000
100000
100000
100000
100000
100000
100000
100000
100000
100000
100000
100000
100000
100000
100000
100000
100000
100000
100000
100000
100000
100000
100000
100000
100000
100000
100000
100000
100000
100000
100000
100000
100000
100000
100000
100000
100000
100000
100000
100000
100000
100000
100000
100000
100000
100000
100000
100000
100000
100000
100000
100000
100000
100000
100000
100000
100000
100000
100000
100000
100000
100000
100000
100000
100000
100000
100000
100000
100000
100000
100000
100000
100000
100000
100000
100000
100000
100000
100000
100000
100000
100000
100000
100000
100000
100000
100000
100000
100000
100000
100000
100000
100000
100000
100000
100000
100000
100000
100000
100000
100000
100000
100000
100000
100000
100000
100000
100000
100000
100000
100000
100000
100000
100000
100000
100000
100000
100000
100000
100000
100000
100000
100000
100000
100000
100000
100000
100000
100000
100000
100000
100000
100000
100000
100000
100000
100000
100000
100000
100000
100000
100000
100000
100000
100000
100000
100000
100000
100000
100000
100000
100000
100000
100000
100000
100000
100000
100000
100000
100000
100000
100000
100000
100000
100000
100000
100000
100000
100000
100000
100000
100000
100000
100000
100000
100000
100000
100000
100000
100000
100000
100000
100000
100000
100000
100000
100000
100000
100000
100000
100000
100000
100000
100000
100000
100000
100000
100000
100000
100000
100000
100000
100000
100000
100000
100000
100000
100000
100000
100000
100000
100000
100000
100000
100000
100000
100000
100000
100000
100000
100000
100000
100000
100000
100000
100000
100000
100000
100000
100000
100000
100000
100000
100000
100000
100000
100000
100000
100000
100000
100000
100000
100000
100000
100000
100000
100000
100000
100000
100000
100000
100000
100000
100000
100000
100000
100000
100000
100000
100000
100000
100000
100000
100000
100000
100000
100000
100000
100000
100000
100000
100000
100000
100000
100000
100000
100000
100000
100000
100000
100000
100000
100000
100000
100000
100000
100000
100000
100000
100000
100000
100000
100000
100000
100000
100000
100000
100000
100000
100000
100000
100000
100000
100000
100000
100000
100000
100000
100000
100000
100000
100000
100000
100000
100000
100000
100000
100000
100000
100000
100000
100000
100000
100000
100000
100000
100000
100000
100000
100000
100000
100000
100000
100000
100000
100000
100000
100000
100000
100000
100000
100000
100000
100000
100000
100000
100000
100000
100000
100000
100000
100000
100000
100000
100000
100000
100000
100000
100000
100000
100000
100000
100000
100000
100000
100000
100000
100000
100000
100000
100000
100000
100000
100000
100000
100000
100000
100000
100000
100000
100000
100000
100000
100000
100000
100000
100000
100000
100000
100000
100000
100000
100000
100000
100000
100000
100000
100000
100000
100000
100000
100000
100000
100000
100000
100000
100000
100000
100000
100000
100000
100000
100000
100000
100000
100000
100000
100000
100000
100000
100000
100000
100000
100000
100000
100000
100000
100000
100000
100000
100000
100000
100000
100000
100000
100000
100000
100000
100000
100000
100000
100000
100000
100000
100000
100000
100000
100000
100000
100000
100000
100000
100000
100000
100000
100000
100000
100000
100000
100000
100000
100000
100000
100000
100000
100000
100000
100000
100000
100000
100000
100000
100000
100000
100000
100000
100000
100000
100000
100000
100000
100000
100000
100000
100000
100000
100000
100000
100000
100000
100000
100000
100000
100000
100000
100000
100000
100000
100000
100000
100000
100000
100000
100000
100000
100000
100000
100000
100000
100000
100000
100000
100000
100000
100000
100000
100000
100000
100000
100000
100000
100000
100000
100000
100000
100000
100000
100000
100000
100000
100000
100000
100000
100000
100000
100000
100000
100000
100000
100000
100000
100000
100000
100000
100000
100000
100000
100000
100000
100000
100000
100000
100000
100000
100000
100000
100000
100000
100000
100000
100000
100000
100000
100000
100000
100000
100000
100000
100000
100000
100000
100000
100000
100000
100000
100000
100000
100000
100000
100000
100000
100000
100000
100000
100000
100000
100000
100000
100000
100000
100000
100000
100000
100000
100000
100000
100000
100000
100000
100000
100000
100000
100000
100000
100000
100000
100000
100000
100000
100000
100000
100000
100000
100000
100000
100000
100000
100000
100000
100000
100000
100000
100000
100000
100000
100000
100000
100000
100000
100000
100000
100000
100000
100000
100000
100000
100000
100000
100000
100000
100000
100000
100000
100000
100000
100000
100000
100000
100000
100000
100000
100000
100000
100000
100000
100000
100000
100000
100000
100000
100000
100000
100000
100000
100000
100000
100000
100000
100000
100000
100000
100000
100000
100000
100000
100000
100000
100000
100000
100000
100000
100000
100000
100000
100000
100000
100000
100000
100000
100000
100000
100000
100000
100000
100000
100000
100000
100000
100000
100000
100000
100000
100000
100000
100000
100000
100000
100000
100000
100000
100000
100000
100000
100000
100000
100000
100000
100000
100000
100000
100000
100000
100000
100000
100000
100000
100000
100000
100000
100000
100000
100000
100000
100000
100000
100000
100000
100000
100000
100000
100000
100000
100000
100000
100000
100000
100000
100000
100000
100000
100000
100000
100000
100000
100000
100000
100000
100000
100000
100000
100000
100000
100000
100000
100000
100000
100000
100000
100000
100000
100000
100000
100000
100000
100000
100000
100000
100000
100000
100000
100000
100000
100000
100000
100000
100000
100000
100000
100000
100000
100000
100000
100000
100000
100000
100000
100000
100000
100000
100000
100000
100000
100000
100000
100000
100000
100000
100000
100000
100000
100000
100000
100000
100000
100000
100000
100000
100000
100000
100000
100000
100000
100000
100000
100000
100000
100000
100000
100000
100000
100000
100000
100000
100000
100000
100000
100000
100000
100000
100000
100000
100000
100000
100000
100000
100000
100000
100000
100000
100000
100000
100000
100000
100000
100000
100000
100000
100000
100000
100000
100000
100000
100000
100000
100000
100000
100000
100000
100000
100000
100000
100000
100000
100000
100000
100000
100000
100000
100000
100000
100000
100000
100000
100000
100000
100000
100000
100000
100000
100000
100000
100000
100000
100000
100000
100000
100000
100000
100000
100000
100000
100000
100000
100000
100000
100000
100000
100000
100000
100000
100000
100000
100000
100000
100000
100000
100000
100000
100000
100000
100000
100000
100000
100000
100000
100000
100000
100000
100000
100000
100000
100000
100000
100000
100000
100000
100000
100000
100000
100000
100000
100000
100000
100000
100000
100000
100000
100000
100000
100000
100000
100000
100000
100000
100000
100000
100000
100000
100000
100000
100000
100000
100000
100000
100000
100000
100000
100000
100000
100000
100000
100000
100000
100000
100000
100000
100000
100000
100000
100000
100000
100000
100000
100000
100000
100000
100000
100000
100000
100000
100000
100000
100000
100000
100000
100000
100000
100000
100000
100000
100000
100000
100000
100000
100000
100000
100000
100000
100000
100000
100000
100000
100000
100000
100000
100000
100000
100000
100000
100000
100000
100000
100000
100000
100000
100000
100000
100000
100000
100000
100000
100000
100000
100000
100000
100000
100000
100000
100000
100000
100000
100000
100000
100000
100000
100000
100000
100000
100000
100000
100000
100000
100000
100000
100000
100000
100000
100000
100000
100000
100000
100000
100000
100000
100000
100000
100000
100000
100000
100000
100000
100000
100000
100000
100000
100000
100000
100000
100000
100000
100000
100000
100000
100000
100000
100000
100000
100000
100000
100000
100000
100000
100000
100000
100000
100000
100000
100000
100000
100000
100000
100000
100000
100000
100000
100000
100000
100000
100000
100000
100000
100000
100000
100000
100000
100000
100000
100000
100000
100000
100000
100000
100000
100000
100000
100000
100000
100000
100000
100000
100000
100000
100000
100000
100000
100000
100000
100000
100000
100000
100000
100000
100000
100000
100000
100000
100000
100000
100000
100000
100000
100000
100000
100000
100000
100000
100000
100000
100000
100000
100000
100000
100000
100000
100000
100000
100000
100000
100000
100000
100000
100000
100000
100000
100000
100000
100000
100000
100000
100000
100000
100000
100000
100000
100000
100000
100000
100000
100000
100000
100000
100000
100000
100000
100000
100000
100000
100000
100000
100000
100000
100000
100000
100000
100000
100000
100000
100000
100000
100000
100000
100000
100000
100000
100000
100000
100000
100000
100000
100000
100000
100000
100000
100000
100000
100000
100000
100000
100000
100000
100000
100000
100000
100000
100000
100000
100000
100000
100000
100000
100000
100000
100000
100000
100000
100000
100000
100000
100000
100000
