2418
4399
5923
7132
8096
8861
9505
10059
10539
10913
11261
11557
11854
12114
12372
12603
12849
13058
13255
13455
13641
13806
14000
14178
14341
14509
14684
14842
14998
15162
15323
15480
15654
15794
15942
16096
16229
16359
16499
16618
16768
16872
16998
17118
17229
17349
17470
17599
17722
17850
17971
18082
18215
18342
18449
18567
18665
18763
18873
18984
19081
19177
19273
19375
19462
19570
19675
19759
19852
19953
20040
20136
20213
20318
20398
20489
20581
20674
20740
20809
20890
20977
21053
21131
21204
21274
21353
21432
21511
21598
21661
21721
21789
21859
21925
21993
22050
22116
22167
22232
22302
22361
22414
22474
22529
22586
22647
22721
22784
22839
22919
22968
23013
23072
23127
23182
23239
23279
23328
23377
23434
23478
23521
23568
23619
23662
23715
23758
23810
23854
23894
23954
23991
24036
24073
24119
24162
24199
24256
24288
24325
24368
24404
24449
24485
24523
24562
24596
24629
24668
24714
24755
24789
24826
24866
24914
24952
24991
25027
25063
25097
25131
25164
25204
25230
25263
25307
25332
25361
25389
25417
25450
25483
25513
25554
25584
25615
25655
25691
25709
25736
25765
25793
25818
25847
25874
25896
25918
25938
25965
25994
26021
26046
26072
26103
26131
26156
26178
26206
26228
26255
26285
26307
26332
26353
26387
26424
26444
26469
26497
26528
26548
26575
26603
26622
26643
26666
26688
26711
26722
26743
26763
26787
26810
26834
26860
26887
26906
26924
26942
26960
26992
27013
27024
27048
27068
27090
27122
27144
27169
27185
27197
27218
27240
27255
27275
27299
27313
27334
27350
27365
27390
27420
27437
27454
27473
27491
27509
27529
27545
27561
27578
27601
27618
27633
27647
27660
27672
27689
27707
27717
27726
27737
27759
27775
27787
27795
27808
27831
27847
27859
27870
27890
27907
27920
27932
27953
27969
27980
27993
28008
28020
28029
28042
28060
28076
28085
28098
28111
28119
28132
28150
28169
28182
28194
28207
28216
28228
28244
28257
28269
28284
28298
28315
28327
28338
28349
28355
28363
28375
28382
28390
28400
28412
28418
28429
28441
28452
28460
28473
28478
28493
28505
28519
28529
28538
28545
28556
28569
28583
28591
28603
28612
28622
28629
28633
28641
28651
28663
28672
28683
28689
28703
28707
28714
28722
28730
28741
28752
28762
28770
28774
28779
28786
28796
28803
28808
28817
28823
28833
28842
28847
28850
28856
28861
28871
28878
28882
28891
28901
28905
28917
28928
28936
28946
28954
28959
28967
28973
28978
28990
28998
29004
29007
29014
29016
29019
29024
29032
29044
29048
29061
29063
29070
29077
29081
29089
29092
29102
29109
29120
29124
29129
29136
29144
29152
29158
29161
29163
29169
29177
29184
29188
29191
29196
29207
29213
29221
29228
29235
29241
29244
29247
29255
29257
29261
29263
29265
29275
29282
29287
29292
29299
29306
29309
29314
29322
29323
29325
29328
29333
29339
29343
29347
29351
29353
29356
29360
29366
29370
29377
29380
29384
29390
29395
29400
29404
29408
29411
29415
29420
29424
29428
29434
29437
29443
29449
29451
29456
29461
29465
29468
29472
29474
29480
29480
29484
29487
29488
29490
29493
29498
29504
29507
29513
29517
29519
29524
29529
29533
29535
29540
29543
29546
29552
29557
29559
29561
29562
29569
29573
29576
29576
29578
29580
29582
29587
29589
29589
29591
29594
29596
29598
29599
29604
29606
29610
29613
29616
29619
29620
29622
29625
29628
29630
29632
29633
29635
29640
29641
29643
29649
29651
29656
29656
29659
29659
29662
29664
29666
29669
29669
29672
29673
29675
29678
29684
29686
29686
29687
29687
29688
29689
29689
29692
29698
29699
29701
29703
29705
29707
29709
29712
29713
29715
29717
29719
29721
29723
29723
29726
29727
29727
29731
29731
29731
29732
29734
29734
29738
29739
29740
29741
29743
29743
29744
29745
29747
29748
29748
29750
29751
29752
29752
29754
29756
29759
29762
29763
29764
29765
29765
29767
29770
29772
29772
29773
29775
29777
29777
29778
29779
29779
29779
29781
29782
29786
29786
29787
29790
29791
29791
29794
29796
29798
29798
29799
29803
29805
29805
29805
29807
29809
29809
29810
29814
29815
29817
29819
29819
29820
29824
29824
29826
29829
29831
29832
29834
29835
29835
29837
29838
29840
29841
29841
29841
29843
29845
29845
29846
29846
29847
29850
29851
29852
29853
29853
29853
29853
29853
29853
29855
29858
29859
29862
29863
29865
29868
29871
29872
29872
29876
29878
29878
29878
29878
29878
29878
29881
29881
29882
29883
29883
29884
29885
29887
29887
29888
29888
29889
29889
29889
29891
29891
29891
29893
29895
29897
29899
29900
29900
29900
29902
29902
29903
29905
29905
29906
29907
29907
29907
29909
29910
29911
29912
29913
29914
29915
29915
29915
29915
29916
29918
29921
29921
29921
29921
29922
29922
29923
29924
29924
29924
29927
29930
29930
29931
29932
29932
29932
29933
29933
29933
29933
29934
29934
29934
29934
29935
29936
29937
29937
29937
29937
29939
29939
29940
29940
29941
29941
29942
29942
29942
29942
29943
29944
29944
29944
29944
29944
29944
29944
29944
29944
29945
29945
29945
29945
29945
29945
29945
29945
29945
29945
29945
29945
29945
29946
29946
29946
29946
29946
29946
29946
29946
29946
29946
29946
29947
29948
29948
29948
29948
29949
29949
29949
29950
29950
29950
29950
29951
29951
29952
29953
29953
29954
29954
29954
29955
29955
29955
29955
29956
29956
29957
29957
29957
29957
29958
29958
29958
29959
29959
29960
29960
29960
29962
29962
29962
29962
29962
29962
29962
29963
29963
29963
29963
29963
29963
29963
29964
29964
29965
29966
29966
29966
29967
29967
29968
29968
29968
29968
29968
29968
29968
29968
29968
29968
29968
29968
29968
29968
29968
29968
29968
29968
29968
29968
29969
29969
29969
29969
29969
29969
29969
29969
29969
29969
29969
29969
29969
29969
29969
29970
29971
29972
29972
29972
29973
29974
29974
29974
29975
29975
29975
29975
29975
29975
29975
29975
29975
29975
29975
29975
29975
29976
29976
29976
29976
29976
29976
29976
29976
29976
29976
29976
29976
29976
29976
29976
29976
29976
29976
29976
29977
29978
29978
29978
29978
29978
29978
29978
29978
29978
29978
29978
29979
29979
29979
29980
29980
29980
29980
29980
29980
29980
29980
29980
29980
29980
29980
29980
29980
29980
29980
29980
29980
29980
29980
29981
29981
29982
29982
29982
29982
29982
29982
29982
29982
29982
