0
0
0
0
0
0
0
0
0
0
0
0
0
0
0
0
0
1
1
2
2
5
6
6
7
8
8
11
12
12
14
15
17
18
21
22
27
28
32
37
39
39
42
44
48
50
52
57
62
65
69
76
79
83
87
90
94
96
99
102
104
104
111
113
117
123
131
139
147
154
159
166
170
177
183
187
195
200
206
213
221
230
232
238
249
257
266
273
280
287
299
313
320
331
335
343
353
363
372
376
388
396
406
426
438
448
458
469
490
497
508
518
529
544
556
566
576
585
600
614
625
638
644
658
672
687
699
712
724
733
749
768
780
802
825
840
858
870
876
890
909
927
939
951
967
984
1004
1015
1024
1040
1056
1070
1083
1092
1109
1125
1136
1155
1166
1186
1207
1226
1240
1252
1269
1292
1308
1327
1343
1360
1378
1403
1422
1438
1454
1474
1487
1509
1520
1542
1556
1572
1591
1607
1627
1644
1662
1691
1713
1737
1762
1781
1800
1818
1839
1863
1894
1916
1938
1959
1982
2004
2028
2059
2075
2095
2117
2137
2157
2177
2203
2229
2254
2274
2298
2325
2352
2365
2392
2408
2439
2464
2494
2515
2535
2561
2578
2598
2619
2641
2661
2695
2725
2754
2779
2800
2830
2854
2874
2898
2923
2945
2970
2992
3014
3039
3070
3097
3120
3145
3171
3187
3210
3235
3256
3278
3301
3329
3361
3384
3400
3423
3452
3475
3509
3543
3576
3602
3627
3655
3677
3703
3736
3766
3794
3816
3843
3866
3901
3931
3977
4002
4028
4055
4080
4110
4135
4168
4189
4215
4249
4280
4303
4337
4372
4407
4431
4461
4479
4507
4536
4565
4594
4631
4652
4674
4696
4719
4751
4771
4802
4835
4864
4890
4914
4942
4966
4985
5020
5051
5075
5103
5145
5172
5203
5229
5265
5298
5315
5341
5369
5405
5429
5456
5486
5514
5552
5575
5609
5647
5682
5721
5750
5780
5810
5835
5867
5886
5924
5946
5970
6003
6031
6062
6090
6124
6157
6194
6226
6266
6301
6332
6363
6389
6430
6465
6502
6544
6587
6620
6641
6668
6704
6732
6760
6786
6817
6839
6865
6898
6930
6968
7001
7031
7064
7097
7140
7198
7223
7268
7308
7344
7374
7408
7443
7476
7504
7531
7567
7601
7641
7693
7722
7751
7783
7818
7862
7899
7936
7960
7989
8022
8055
8089
8115
8151
8187
8220
8252
8290
8328
8368
8402
8440
8478
8501
8542
8573
8610
8648
8692
8731
8763
8806
8841
8871
8911
8943
8980
9019
9064
9094
9128
9174
9209
9244
9275
9311
9350
9395
9445
9476
9504
9534
9561
9591
9634
9676
9706
9741
9776
9808
9842
9877
9911
9952
9984
10028
10058
10107
10139
10179
10219
10258
10301
10329
10366
10403
10441
10493
10538
10568
10603
10642
10686
10712
10735
10767
10795
10827
10861
10894
10937
10973
11016
11050
11097
11135
11174
11213
11261
11295
11332
11362
11392
11425
11462
11500
11535
11570
11607
11649
11685
11727
11767
11821
11855
11888
11923
11964
11996
12030
12077
12114
12150
12185
12234
12278
12310
12338
12377
12414
12448
12490
12530
12560
12590
12618
12663
12708
12756
12788
12832
12872
12902
12941
12982
13021
13066
13103
13144
13194
13236
13275
13312
13347
13385
13421
13472
13510
13553
13600
13635
13669
13709
13748
13788
13834
13871
13907
13948
13983
14015
14057
14114
14160
14204
14260
14299
14337
14370
14408
14446
14485
14519
14563
14600
14630
14670
14707
14754
14809
14848
14883
14914
14954
14988
15030
15073
15108
15144
15190
15229
15271
15302
15342
15381
15413
15455
15490
15533
15573
15613
15658
15702
15736
15771
15805
15833
15879
15918
15956
15993
16032
16083
16132
16178
16220
16259
16308
16357
16388
16427
16464
16506
16548
16587
16630
16674
16715
16753
16791
16827
16854
16898
16939
16977
17018
17049
17084
17117
17156
17192
17234
17284
17317
17359
17404
17442
17476
17512
17556
17598
17642
17680
17728
17770
17822
17864
17906
17944
17984
18021
18069
18113
18143
18183
18219
18256
18299
18336
18373
18414
18449
18488
18528
18567
18615
18662
18710
18754
18797
18846
18886
18935
18970
18999
19026
19065
19121
19163
19202
19241
19271
19314
19345
19378
19428
19467
19508
19544
19588
19631
19685
19715
19749
19787
19822
19859
19902
19947
20003
20040
20081
20124
20161
20214
20257
20300
20338
20377
20417
20446
20482
20515
20558
20598
20633
20681
20732
20782
20845
20892
20937
20980
21025
21063
21099
21131
21175
21213
21255
21300
21345
21397
21444
21486
21521
21557
21599
21656
21695
21741
21788
21833
21872
21906
21950
21997
22038
22085
22135
22185
22226
22276
22319
22361
22392
22416
22459
22498
22554
22603
22643
22685
22720
22760
22805
22842
22891
22936
22986
23029
23076
23121
23162
23202
23237
23274
23320
23364
23413
23454
23499
23543
23583
23627
23669
23702
23736
23770
23816
23855
23897
23942
23980
24022
24060
24089
24125
24156
24192
24233
24268
24308
24353
24394
24433
24474
24517
24558
24608
24657
24696
24725
24773
24802
24847
24873
24911
24948
24988
25031
25070
25110
25149
25199
25242
25280
25318
25357
25398
25434
25475
25512
25551
25583
25618
25648
25692
25727
25768
25813
25852
25890
25926
25974
26019
26051
26097
26140
26187
26238
26271
26322
26367
26399
26437
26474
26511
26561
26613
26657
26689
26732
26772
26813
26866
26901
26941
26968
27008
27049
27100
27139
27181
27224
27265
27303
27350
27387
27430
27470
27515
27564
27600
27647
27684
27726
27765
27805
27840
27876
27917
27965
28012
28048
28086
28123
28171
28216
28262
28296
28332
28374
28413
28450
28489
28526
28567
28615
28661
28712
28750
28798
28840
28877
28922
28961
29000
29035
29069
29108
29149
29190
29232
29266
29302
29335
29377
29415
29461
29500
29540
29570
29610
29658
29707
29738
29774
29813
29865
29916
29964
30008
30052
30091
30129
30168
30208
30262
30297
30337
30376
30407
30447
30488
30535
30578
30616
30648
30693
30728
30768
30814
30846
30892
30925
30971
31006
31053
31107
31155
31191
31232
31285
31322
31367
31399
31432
31470
31523
31569
31605
31651
31684
31727
31767
31799
31841
31877
31916
31961
31999
32032
32076
32119
32159
32202
32228
32264
32303
32334
32379
32413
32455
32498
32532
32575
32620
32672
32713
32753
32787
32828
32867
32904
32950
32984
33033
33080
33114
33146
33189
33221
33261
33316
33357
33402
33436
33481
33537
33576
33620
33663
33698
33747
33796
33830
33868
33915
33942
33965
33996
34039
34075
34107
34152
34180
34216
34254
34298
34333
34367
34399
34439
34482
34508
34543
34582
34623
34659
34708
34741
34779
34819
34859
34901
34936
34968
35009
35049
35081
35127
35160
35208
35239
35266
35306
35352
35394
35432
35465
35496
35535
35567
35612
35649
35680
35712
35755
35798
35835
35880
35918
35957
35992
36023
36058
36089
36126
36158
36200
36245
36278
36317
36353
36402
36449
36486
36516
36561
36598
36633
36682
36718
36751
36792
36826
36853
36900
36936
36970
36999
37027
37076
37098
37127
37171
37202
37230
37264
37297
37329
37370
37409
37447
37486
37521
37563
37608
37643
37672
37705
37739
37776
37810
37852
37885
37927
37963
38002
38036
38074
38107
38151
38203
38238
38278
38313
38350
38384
38426
38458
38502
38528
38560
38604
38644
38684
38729
38764
38802
38836
38857
38893
38934
38967
38994
39030
39078
39116
39147
39187
39214
39244
39280
39317
39352
39404
39433
39475
39511
39555
39595
39625
39665
39690
39720
39758
39802
39837
39880
39918
39957
39988
40015
40053
40085
40123
40150
40195
40232
40259
40301
40343
40373
40410
40450
40494
40527
40565
40599
40632
40660
40707
40741
40778
40805
40838
40874
40916
40943
40977
41010
41053
41088
41127
41157
41193
41231
41277
41315
41362
41402
41430
41478
41523
41559
41599
41626
41654
41684
41720
41754
41786
41827
41858
41904
41945
41979
42021
42059
42095
42141
42179
42224
42250
42288
42327
42370
42404
42432
42473
42499
42525
42561
42590
42630
42655
42689
42725
42768
42793
42835
42860
42892
42927
42963
42999
43024
43054
43094
43127
43159
43205
43237
43259
43294
43336
43363
43397
43427
43472
43503
43541
43579
43610
43641
43683
43718
43752
43792
43826
43862
43891
43922
43952
43983
44016
44060
44093
44135
44168
44197
44230
44259
44296
44329
44365
44399
44430
44468
44497
44537
44580
44620
44651
44688
44733
44777
44808
44840
44870
44900
44931
44970
45004
45036
45066
45095
45121
45156
45192
45220
45250
45288
45315
45344
45382
45420
45454
45493
45532
45573
45615
45657
45696
45740
45767
45802
45841
45878
45908
45937
45988
46019
46052
46087
46127
46159
46198
46232
46264
46293
46327
46363
46404
46431
46462
46498
46539
46575
46611
46648
46677
46707
46735
46770
46806
46836
46879
46921
46953
46988
47024
47061
47090
47125
47156
47198
47237
47274
47311
47341
47363
47406
47439
47478
47516
47560
47597
47646
47683
47709
47743
47777
47810
47846
47878
47919
47945
47979
48002
48040
48067
48101
48134
48176
48213
48241
48296
48327
48364
48393
48427
48459
48498
48531
48569
48609
48638
48664
48703
48735
48767
48785
48824
48856
48887
48923
48959
48993
49034
49059
49081
49119
49145
49158
49198
49230
49266
49294
49339
49375
49407
49437
49461
49501
49522
49564
49593
49620
49645
49681
49708
49734
49780
49811
49842
49887
49926
49956
49994
50023
50055
50089
50118
50157
50195
50229
50258
50294
50321
50352
50388
50420
50453
50491
50532
50568
50605
50634
50670
50706
50739
50775
50812
50842
50866
50892
50921
50950
50984
51010
51052
51088
51124
51154
51186
51212
51242
51276
51313
51340
51371
51397
51428
51459
51493
51525
51561
51592
51635
51665
51697
51735
51770
51795
51821
51843
51868
51899
51933
51960
51994
52028
52054
52084
52116
52160
52198
52235
52270
52295
52322
52354
52385
52412
52452
52488
52519
52551
52582
52615
52661
52691
52731
52763
52788
52828
52860
52888
52913
52948
52982
53011
53039
53069
53098
53125
53157
53190
53218
53248
53283
53323
53343
53367
53403
53434
53466
53490
53525
53553
53584
53607
53638
53674
53704
53728
53752
53789
53813
53831
53863
53899
53929
53952
53982
54009
54031
54057
54088
54119
54143
54185
54217
54247
54277
54304
54337
54368
54396
54424
54458
54483
54513
54542
54572
54600
54628
54667
54694
54725
54747
54779
54811
54844
54874
54896
54922
54961
54991
55018
55052
55077
55096
55130
55151
55183
55216
55246
55273
55303
55333
55360
55386
55416
55446
55476
55499
55525
55551
55577
55615
55641
55671
55697
55727
55758
55794
55816
55842
55878
55916
55943
55964
55995
56022
56053
56083
56116
56136
56169
56204
56228
56252
56286
56324
56356
56381
56403
56430
56459
56484
56516
56543
56572
56598
56623
56658
56690
56723
56751
56797
56820
56850
56882
56912
56942
56983
57013
57043
57069
57104
57131
57161
57188
57212
57242
57266
57295
57326
57352
57379
57408
57442
57474
57513
57543
57566
57588
57619
57649
57672
57700
57728
57752
57776
57798
57831
57855
57881
57911
57937
57966
58007
58039
58064
58088
58125
58150
58171
58186
58218
58244
58267
58298
58332
58352
58377
58408
58432
58457
58477
58511
58532
58553
58573
58600
58626
58649
58670
58698
58734
58754
58780
58803
58827
58856
58896
58930
58962
58994
59018
59049
59075
59101
59132
59151
59169
59203
59227
59257
59285
59304
59339
59367
59397
59416
59440
59484
59514
59545
59571
59595
59617
59647
59675
59700
59727
59757
59795
59826
59842
59876
59904
59920
59938
59964
59986
60024
60056
60075
60102
60132
60154
60179
60215
60238
60267
60293
60321
60343
60371
60394
60417
60441
60465
60493
60517
60544
60567
60588
60619
60654
60680
60707
60737
60758
60788
60819
60849
60876
60905
60929
60951
60975
61004
61035
61063
61084
61096
61123
61143
61169
61201
61230
61246
61271
61295
61321
61354
61386
61416
61443
61459
61480
61501
61518
61544
61571
61598
61627
61659
61687
61715
61747
61770
61800
61826
61848
61866
61899
61926
61965
61996
62027
62043
62075
62107
62133
62169
62194
62227
62255
62275
62311
62333
62357
62382
62399
62429
62449
62472
62496
62522
62549
62568
62586
62607
62630
62651
62678
62701
62730
62747
62763
62784
62802
62825
62855
62878
62895
62917
62943
62974
62997
63021
63050
63062
63087
63104
63122
63148
63171
63200
63231
63252
63275
63300
63333
63360
63382
63412
63434
63456
63481
63496
63525
63555
63575
63603
63624
63646
63669
63691
63720
63741
63768
63787
63817
63833
63854
63881
63901
63928
63959
63975
63999
64023
64059
64086
64104
64124
64148
64166
64191
64215
64243
64263
64283
64303
64329
64355
64385
64411
64440
64458
64495
64526
64550
64576
64602
64619
64645
64673
64696
64716
64744
64766
64784
64804
64830
64851
64870
64889
64913
64939
64965
64994
65022
65048
65070
65089
65109
65146
65170
65196
65207
65236
65255
65281
65305
65335
65360
65383
65404
65432
65452
65478
65499
65518
65540
65563
65583
65608
65635
65654
65675
65703
65728
65757
65775
65797
65819
65843
65865
65883
65902
65930
65952
65965
65997
66028
66048
66071
66090
66111
66135
66151
66164
66188
66212
66236
66263
66278
66293
66316
66337
66356
66383
66407
66421
66448
66466
66493
66508
66529
66559
66579
66594
66616
66632
66658
66679
66706
66729
66755
66778
66800
66830
66847
66878
66893
66919
66943
66963
66985
67004
67026
67051
67072
67090
67112
67140
67164
67188
67215
67233
67262
67287
67299
67320
67350
67368
67395
67422
67444
67467
67493
67516
67535
67558
67574
67602
67623
67646
67663
67684
67706
67725
67758
67772
67791
67808
67833
67848
67862
67890
67918
67946
67967
67984
68005
68025
68042
68057
68084
68105
68125
68148
68170
68191
68212
68228
68243
68267
68287
68303
68323
68341
68362
68382
68402
68418
68439
68466
68494
68522
68544
68565
68580
68602
68622
68639
68654
68674
68692
68704
68722
68751
68770
68786
68806
68826
68836
68865
68880
68896
68922
68942
68962
68983
69005
69024
69040
69064
69079
69101
69119
69139
69156
69176
69201
69221
69245
69260
69280
69299
69315
69337
69351
69374
69394
69414
69431
69452
69474
69494
69517
69536
69551
69566
69592
69615
69635
69664
69678
69693
69711
69733
69756
69777
69802
69817
69836
69850
69876
69895
69916
69932
69945
69961
69976
70003
70018
70033
70049
70067
70091
70107
70129
70145
70162
70179
70192
70212
70231
70244
70264
70288
70306
70328
70344
70367
70391
70406
70422
70446
70460
70483
70500
70518
70542
70566
70580
70598
70611
70639
70662
70688
70711
70734
70751
70773
70794
70805
70820
70844
70866
70889
70902
70918
70940
70969
70989
71011
71029
71049
71070
71087
71107
71124
71143
71163
71183
71195
71210
71234
71256
71285
71309
71330
71346
71361
71383
71399
71419
71440
71457
71476
71502
71520
71540
71556
71577
71596
71614
71639
71659
71673
71696
71718
71738
71762
71778
71800
71814
71832
71850
71864
71882
71899
71911
71931
71946
71973
71994
72017
72044
72061
72089
72107
72130
72146
72161
72176
72191
72206
72223
72238
72256
72275
72304
72320
72340
72364
72384
72406
72417
72432
72439
72456
72478
72497
72511
72528
72544
72558
72572
72594
72611
72628
72643
72662
72680
72704
72723
72734
72752
72770
72788
72806
72824
72837
72858
72872
72887
72903
72921
72939
72955
72970
72986
73003
73029
73053
73068
73095
73110
73130
73153
73172
73191
73207
73222
73241
73258
73276
73293
73311
73325
73339
73363
73378
73391
73409
73427
73445
73459
73477
73489
73501
73512
73524
73540
73555
73568
73583
73594
73610
73631
73646
73662
73681
73686
73711
73727
73746
73767
73784
73807
73825
73833
73844
73862
73880
73906
73924
73935
73951
73971
73991
74006
74025
74038
74058
74079
74098
74116
74145
74163
74178
74196
74217
74231
74262
74275
74292
74310
74328
74344
74357
74371
74393
74415
74430
74441
74459
74485
74499
74514
74535
74552
74576
74594
74609
74628
74639
74659
74675
74702
74721
74734
74750
74768
74787
74801
74818
74829
74846
74865
74892
74911
74925
74942
74956
74986
75000
75025
75037
75053
75069
75083
75091
75112
75125
75137
75153
75170
75185
75203
75214
75227
75244
75266
75277
75292
75309
75329
75347
75371
75388
75402
75419
75431
75448
75459
75482
75493
75509
75531
75543
75555
75572
75584
75607
75633
75644
75667
75684
75702
75716
75739
75752
75769
75785
75800
75822
75841
75858
75874
75897
75910
75933
75942
75960
75972
75984
76010
76028
76044
76066
76078
76091
76104
76116
76135
76148
76166
76182
76203
76228
76245
76264
76284
76300
76314
76330
76346
76362
76379
76390
76405
76420
76437
76448
76467
76488
76505
76525
76540
76559
76568
76590
76606
76618
76634
76653
76677
76693
76713
76725
76740
76754
76777
76794
76806
76815
76823
76847
76866
76889
76899
76910
76923
76934
76946
76957
76972
76995
77014
77024
77039
77057
77070
77083
77099
77115
77131
77147
77160
77174
77188
77204
77214
77221
77234
77248
77264
77278
77295
77317
77332
77347
77360
77376
77385
77406
77421
77437
77446
77463
77477
77491
77511
77526
77547
77567
77578
77600
77616
77633
77660
77678
77690
77711
77729
77747
77766
77785
77806
77820
77834
77845
77859
77871
77896
77907
77925
77948
77965
77977
77990
78005
78024
78037
78052
78063
78081
78094
78113
78126
78136
78156
78174
78186
78202
78216
78238
78251
78265
78277
78293
78313
78328
78345
78360
78380
78402
78422
78435
78447
78460
78470
78483
78498
78514
78524
78537
78551
78573
78588
78599
78611
78626
78638
78651
78663
78676
78690
78705
78718
78735
78746
78760
78772
78783
78796
78808
78829
78845
78863
78877
78893
78905
78914
78929
78944
78957
78981
78987
78997
79008
79027
79040
79054
79065
79077
79089
79102
79120
79134
79152
79167
79183
79197
79216
79231
79245
79260
79276
79292
79300
79316
79322
79336
79353
79364
79376
79388
79404
79414
79426
79437
79452
79469
79481
79498
79514
79527
79539
79554
79567
79580
79594
79614
79629
79645
79653
79666
79678
79691
79704
79717
79732
79740
79756
79764
79778
79790
79804
79815
79821
79831
79848
79856
79870
79888
79900
79912
79928
79943
79957
79966
79979
79992
80009
80022
80033
80052
80062
80069
80089
80103
80117
80127
80141
80156
80170
80180
80196
80217
80234
80240
80251
80259
80272
80291
80301
80315
80328
80342
80363
80374
80392
80404
80423
80436
80448
80460
80469
80480
80496
80509
80522
80538
80544
80558
80563
80579
80592
80598
80612
80627
80643
80655
80671
80684
80695
80712
80725
80737
80750
80761
80774
80791
80797
80816
80828
80845
80857
80866
80879
80894
80912
80923
80943
80959
80967
80976
80991
80999
81010
81022
81030
81036
81050
81055
81061
81077
81091
81100
81115
81125
81145
81161
81172
81184
81199
81214
81233
81245
81258
81265
81277
81287
81300
81313
81326
81341
81352
81360
81368
81382
81395
81406
81421
81435
81447
81459
81477
81492
81505
81518
81530
81544
81557
81565
81573
81589
81595
81608
81625
81633
81645
81657
81662
81668
81682
81696
81704
81715
81725
81737
81748
81755
81764
81773
81785
81797
81810
81825
81833
81842
81851
81863
81874
81883
81896
81902
81910
81919
81931
81941
81949
81959
81971
81982
81995
82009
82016
82030
82034
82047
82064
82081
82097
82106
82117
82133
82148
82161
82173
82185
82198
82213
82225
82240
82258
82273
82289
82304
82313
82323
82336
82349
82369
82377
82388
82401
82412
82425
82439
82450
82466
82472
82484
82497
82507
82525
82540
82552
82567
82581
82585
82599
82609
82623
82631
82643
82654
82663
82678
82694
82709
82720
82734
82750
82759
82767
82774
82780
82787
82800
82811
82820
82833
82850
82862
82879
82893
82901
82909
82923
82933
82947
82960
82978
82987
82997
83005
83014
83021
83033
83047
83055
83067
83077
83088
83097
83112
83124
83140
83149
83163
83170
83179
83192
83196
83206
83217
83229
83246
83251
83259
83271
83285
83299
83305
83320
83327
83337
83351
83363
83373
83392
83410
83421
83435
83448
83456
83470
83477
83489
83500
83511
83521
83529
83543
83558
83569
83578
83586
83599
83614
83626
83635
83648
83656
83670
83681
83692
83701
83713
83724
83738
83747
83759
83771
83781
83787
83796
83811
83830
83841
83853
83865
83874
83883
83892
83903
83916
83926
83935
83940
83947
83959
83970
83982
83992
84000
84011
84021
84030
84046
84057
84065
84070
84092
84100
84118
84123
84140
84149
84160
84175
84189
84197
84207
84218
84226
84237
84248
84259
84274
84286
84294
84302
84313
84321
84330
84341
84345
84358
84369
84383
84395
84401
84411
84420
84434
84442
84448
84459
84470
84483
84489
84500
84508
84524
84531
84542
84551
84558
84561
84569
84576
84581
84588
84596
84605
84614
84625
84633
84645
84653
84659
84669
84681
84691
84701
84713
84727
84735
84744
84761
84776
84784
84795
84807
84819
84822
84835
84847
84856
84874
84883
84889
84897
84911
84924
84936
84946
84959
84967
84981
84992
85003
85008
85016
85028
85042
85048
85057
85066
85076
85082
85098
85103
85113
85127
85131
85142
85163
85172
85178
85185
85194
85203
85210
85221
85235
85244
85258
85265
85272
85283
85299
85305
85312
85323
85328
85337
85346
85361
85367
85376
85385
85397
85406
85411
85422
85432
85439
85451
85461
85473
85481
85499
85506
85513
85521
85531
85541
85547
85557
85568
85575
85586
85593
85604
85616
85621
85628
85636
85645
85658
85666
85683
85687
85704
85720
85734
85747
85762
85769
85784
85790
85802
85808
85815
85826
85838
85844
85846
85855
85863
85868
85873
85881
85894
85908
85915
85926
85938
85950
85961
85974
85985
85995
86004
86012
86024
86039
86050
86060
86073
86079
86091
86100
86111
86124
86134
86146
86152
86160
86164
86169
86177
86192
86207
86210
86218
86227
86236
86241
86246
86256
86265
86276
86285
86291
86302
86309
86322
86336
86347
86359
86369
86374
86383
86397
86409
86417
86421
86434
86446
86456
86461
86474
86482
86488
86496
86504
86514
86527
86533
86543
86555
86564
86568
86578
86586
86594
86605
86609
86620
86633
86639
86649
86657
86664
86677
86686
86701
86704
86712
86721
86737
86743
86747
86757
86766
86778
86786
86801
86812
86823
86837
86846
86851
86865
86870
86881
86885
86891
86900
86912
86920
86924
86936
86943
86952
86958
86964
86979
86988
86996
87002
87013
87022
87029
87036
87043
87045
87053
87060
87070
87078
87085
87104
87117
87130
87141
87147
87156
87164
87168
87176
87191
87207
87214
87222
87232
87238
87250
87255
87262
87269
87278
87285
87293
87301
87308
87317
87330
87337
87353
87360
87368
87375
87378
87385
87392
87399
87401
87407
87415
87421
87431
87440
87449
87457
87467
87475
87484
87492
87502
87511
87520
87527
87534
87543
87552
87558
87564
87571
87578
87594
87602
87608
87615
87627
87642
87650
87661
87667
87676
87686
87701
87706
87716
87724
87733
87742
87748
87756
87759
87769
87774
87778
87781
87793
87798
87813
87820
87827
87832
87844
87860
87868
87872
87880
87887
87891
87897
87904
87912
87919
87925
87935
87945
87955
87961
87970
87978
87989
87997
88007
88012
88018
88026
88035
88043
88049
88056
88063
88068
88081
88094
88105
88112
88119
88127
88133
88138
88143
88156
88160
88165
88177
88188
88195
88201
88207
88213
88221
88226
88236
88239
88246
88252
88263
88269
88276
88284
88292
88306
88311
88323
88333
88340
88353
88363
88369
88376
88388
88395
88400
88408
88418
88426
88435
88442
88453
88459
88467
88477
88483
88494
88504
88509
88517
88524
88538
88547
88558
88564
88570
88578
88588
88593
88597
88605
88613
88616
88623
88635
88642
88649
88662
88665
88672
88682
88692
88698
88700
88704
88716
88722
88728
88736
88743
88750
88754
88757
88762
88776
88784
88795
88807
88815
88824
88835
88840
88851
88859
88867
88876
88880
88885
88896
88901
88905
88912
88930
88944
88954
88959
88966
88974
88981
88990
88997
89005
89012
89019
89027
89034
89044
89052
89058
89066
89078
89090
89098
89108
89117
89125
89128
89138
89149
89158
89162
89172
89181
89195
89202
89208
89212
89220
89228
89234
89244
89246
89253
89257
89263
89266
89276
89283
89288
89295
89300
89310
89318
89331
89339
89343
89348
89355
89364
89374
89381
89389
89396
89404
89415
89416
89423
89429
89433
89435
89440
89454
89462
89465
89471
89479
89488
89494
89497
89504
89510
89515
89525
89531
89535
89541
89549
89557
89561
89565
89574
89580
89597
89607
89615
89621
89626
89629
89636
89642
89646
89650
89654
89669
89675
89682
89690
89699
89714
89719
89726
89736
89740
89747
89751
89758
89767
89771
89779
89785
89791
89800
89810
89816
89825
89831
89834
89840
89845
89852
89855
89861
89866
89875
89885
89890
89897
89906
89912
89917
89928
89936
89950
89952
89955
89965
89972
89978
89981
89991
89998
90007
90015
90024
90027
90030
90039
90044
90048
90053
90056
90061
90063
90067
90075
90083
90088
90092
90099
90104
90110
90118
90124
90136
90146
90153
90161
90168
90178
90183
90190
90193
90203
90212
90219
90224
90229
90239
90248
90251
90258
90261
90267
90277
90287
90287
90293
90305
90316
90324
90331
90337
90342
90348
90353
90359
90367
90378
90386
90393
90401
90407
90410
90419
90423
90426
90429
90431
90438
90448
90457
90462
90467
90476
90479
90488
90496
90501
90506
90513
90518
90524
90528
90536
90543
90548
90554
90562
90568
90574
90581
90586
90589
90597
90605
90611
90620
90629
90637
90643
90649
90654
90661
90668
90673
90676
90681
90684
90691
90693
90698
90707
90715
90720
90726
90733
90738
90743
90747
90755
90758
90762
90764
90772
90774
90779
90785
90793
90794
90795
90802
90813
90818
90821
90824
90833
90840
90847
90849
90855
90859
90865
90868
90873
90882
90891
90897
90902
90909
90917
90919
90926
90930
90937
90947
90952
90961
90966
90971
90978
90986
90988
90994
91000
91006
91010
91019
91027
91035
91041
91049
91052
91061
91065
91071
91073
91077
91081
91085
91087
91093
91098
91105
91111
91118
91126
91133
91140
91142
91145
91153
91164
91169
91177
91186
91189
91194
91198
91200
91205
91213
91219
91224
91226
91235
91241
91247
91252
91260
91266
91269
91273
91290
91299
91310
91320
91326
91330
91339
91342
91348
91351
91357
91360
91365
91374
91379
91390
91396
91401
91406
91412
91414
91417
91426
91431
91438
91449
91454
91458
91462
91468
91471
91480
91487
91489
91492
91499
91503
91506
91512
91517
91527
91534
91540
91544
91548
91554
91560
91567
91571
91578
91583
91586
91592
91595
91604
91608
91615
91619
91624
91635
91645
91647
91652
91654
91659
91663
91672
91678
91682
91686
91691
91699
91701
91706
91713
91717
91718
91725
91729
91730
91738
91744
91749
91752
91761
91766
91771
91778
91785
91789
91793
91796
91798
91804
91810
91819
91825
91830
91836
91839
91844
91849
91854
91857
91863
91868
91870
91877
91888
91891
91896
91908
91918
91922
91928
91931
91934
91939
91946
91951
91954
91962
91968
91975
91978
91981
91987
91990
91992
91996
92001
92006
92011
92016
92019
92023
92030
92035
92038
92043
92047
92048
92051
92055
92059
92065
92070
92074
92080
92084
92086
92093
92100
92103
92106
92116
92124
92131
92138
92141
92147
92152
92157
92160
92165
92170
92172
92176
92176
92181
92184
92188
92191
92194
92196
92204
92214
92223
92225
92228
92236
92240
92244
92251
92253
92259
92266
92271
92274
92276
92285
92287
92290
92297
92302
92304
92310
92314
92319
92323
92326
92333
92344
92350
92358
92366
92371
92373
92379
92380
92382
92388
92391
92397
92407
92415
92420
92428
92431
92435
92439
92445
92451
92456
92464
92474
92478
92483
92491
92498
92507
92510
92513
92518
92524
92526
92532
92541
92548
92553
92555
92564
92570
92574
92579
92585
92590
92601
92604
92605
92607
92608
92617
92623
92625
92630
92633
92640
92643
92644
92646
92650
92652
92657
92662
92669
92674
92681
92683
92687
92695
92703
92710
92718
92725
92732
92737
92742
92748
92756
92758
92763
92771
92776
92779
92785
92791
92797
92802
92807
92809
92812
92816
92819
92821
92825
92828
92829
92831
92837
92845
92847
92853
92861
92863
92865
92873
92880
92885
92892
92897
92901
92906
92913
92919
92922
92925
92931
92938
92942
92945
92950
92954
92961
92965
92969
92972
92976
92981
92990
92994
92998
93003
93009
93017
93022
93025
93030
93034
93042
93048
93056
93058
93065
93068
93075
93077
93080
93083
93087
93098
93105
93107
93109
93116
93119
93123
93129
93132
93137
93142
93147
93153
93162
93168
93173
93178
93182
93187
93190
93197
93200
93206
93214
93218
93223
93231
93237
93239
93244
93251
93255
93261
93264
93268
93270
93272
93276
93283
93287
93291
93298
93299
93303
93312
93315
93318
93320
93320
93323
93326
93326
93333
93335
93336
93341
93351
93354
93365
93370
93372
93377
93385
93387
93393
93395
93398
93401
93404
93410
93412
93418
93423
93433
93437
93439
93445
93453
93455
93461
93464
93469
93471
93477
93480
93487
93492
93493
93496
93502
93513
93516
93519
93524
93527
93530
93535
93536
93538
93544
93546
93550
93556
93559
93564
93569
93574
93577
93581
93584
93588
93596
93602
93603
93605
93610
93615
93617
93622
93627
93630
93632
93636
93642
93644
93644
93649
93658
93662
93678
93685
93687
93695
93699
93701
93702
93708
93715
93724
93725
93726
93729
93735
93739
93742
93747
93749
93753
93759
93769
93772
93777
93780
93784
93790
93795
93800
93803
93805
93811
93814
93817
93818
93822
93822
93828
93832
93834
93836
93840
93842
93848
93855
93863
93865
93872
93873
93876
93879
93881
93889
93891
93896
93897
93899
93902
93909
93911
93916
93921
93926
93930
93933
93935
93941
93948
93952
93957
93960
93965
93969
93969
93974
93982
93986
93991
93995
93996
93999
94002
94005
94007
94012
94014
94015
94017
94022
94024
94027
94034
94041
94043
94043
94048
94053
94059
94063
94069
94074
94077
94081
94086
94091
94093
94097
94100
94102
94107
94116
94118
94121
94127
94130
94135
94138
94139
94144
94149
94153
94156
94160
94164
94167
94172
94174
94183
94184
94185
94192
94198
94203
94207
94210
94215
94219
94226
94232
94238
94247
94249
94253
94258
94260
94261
94266
94267
94270
94276
94280
94285
94289
94292
94299
94303
94309
94315
94322
94326
94328
94332
94336
94339
94344
94348
94355
94363
94366
94373
94373
94380
94386
94388
94392
94394
94400
94401
94403
94410
94417
94418
94422
94423
94427
94431
94435
94438
94443
94444
94448
94454
94460
94462
94464
94467
94477
94479
94486
94489
94490
94493
94496
94504
94511
94517
94521
94527
94528
94530
94534
94537
94537
94539
94540
94548
94552
94555
94561
94565
94567
94569
94574
94575
94582
94586
94590
94594
94599
94604
94606
94608
94612
94618
94622
94627
94631
94635
94640
94646
94650
94654
94656
94661
94664
94668
94672
94676
94678
94682
94685
94690
94693
94694
94698
94702
94706
94708
94712
94712
94714
94719
94721
94721
94726
94729
94735
94735
94741
94741
94743
94745
94748
94752
94755
94755
94756
94761
94770
94774
94779
94782
94786
94789
94790
94792
94797
94800
94803
94806
94811
94811
94816
94819
94823
94825
94831
94833
94834
94835
94839
94840
94843
94847
94850
94857
94859
94863
94870
94871
94875
94879
94881
94884
94887
94893
94895
94897
94905
94911
94913
94916
94917
94918
94922
94924
94927
94930
94932
94935
94937
94939
94944
94949
94956
94962
94967
94972
94976
94978
94981
94986
94987
94989
94995
94997
95000
95002
95004
95009
95012
95016
95018
95020
95022
95024
95029
95034
95037
95039
95044
95045
95050
95053
95056
95058
95063
95071
95072
95074
95077
95079
95085
95090
95093
95094
95097
95101
95112
95116
95121
95124
95130
95132
95135
95137
95146
95147
95152
95156
95161
95163
95168
95170
95174
95176
95178
95183
95186
95192
95193
95195
95196
95200
95203
95203
95206
95213
95220
95223
95225
95229
95232
95235
95238
95241
95243
95246
95251
95254
95257
95259
95263
95266
95271
95275
95280
95282
95282
95283
95286
95288
95290
95294
95301
95305
95308
95310
95315
95316
95319
95322
95327
95328
95331
95333
95337
95341
95343
95344
95348
95350
95352
95357
95359
95364
95364
95367
95368
95372
95378
95382
95385
95386
95388
95390
95394
95397
95402
95409
95412
95413
95416
95417
95418
95419
95427
95434
95435
95438
95443
95446
95450
95456
95462
95464
95468
95470
95475
95476
95481
95485
95487
95488
95491
95494
95498
95503
95505
95507
95511
95516
95518
95519
95522
95524
95527
95533
95537
95542
95545
95548
95552
95552
95553
95555
95556
95557
95559
95562
95563
95565
95567
95569
95573
95575
95578
95582
95584
95590
95591
95592
95594
95596
95599
95604
95606
95611
95616
95619
95621
95625
95629
95631
95632
95636
95638
95641
95649
95652
95659
95660
95661
95662
95664
95669
95671
95673
95680
95681
95684
95685
95685
95689
95691
95691
95695
95697
95698
95701
95703
95706
95710
95712
95716
95718
95719
95720
95722
95726
95728
95731
95734
95737
95743
95746
95747
95748
95753
95755
95756
95757
95761
95763
95766
95770
95772
95774
95779
95780
95781
95783
95784
95785
95788
95789
95793
95797
95799
95801
95805
95808
95812
95813
95817
95825
95830
95831
95833
95838
95839
95840
95842
95847
95847
95849
95852
95857
95862
95864
95870
95872
95875
95878
95881
95882
95882
95882
95885
95889
95892
95894
95897
95901
95905
95909
95913
95914
95917
95917
95921
95926
95932
95937
95941
95942
95943
95947
95950
95952
95954
95956
95957
95960
95962
95966
95971
95974
95979
95982
95986
95989
95989
95993
95995
95997
96000
96000
96007
96009
96011
96012
96013
96015
96018
96023
96028
96032
96032
96038
96043
96046
96047
96050
96054
96056
96059
96064
96066
96069
96072
96074
96075
96078
96081
96084
96089
96090
96092
96095
96096
96100
96102
96105
96108
96109
96112
96113
96117
96119
96121
96122
96123
96124
96126
96131
96135
96140
96144
96145
96148
96150
96152
96154
96155
96158
96160
96162
96166
96166
96167
96170
96175
96177
96178
96182
96182
96186
96191
96193
96194
96196
96201
96206
96209
96209
96210
96210
96212
96214
96217
96220
96224
96228
96231
96233
96236
96239
96240
96246
96249
96252
96255
96259
96262
96262
96264
96264
96269
96273
96276
96278
96280
96283
96285
96288
96291
96294
96296
96299
96301
96305
96306
96308
96312
96316
96317
96319
96320
96320
96325
96326
96331
96334
96338
96341
96342
96344
96346
96349
96350
96358
96361
96362
96366
96367
96370
96372
96373
96375
96378
96380
96382
96383
96391
96393
96396
96400
96403
96404
96406
96407
96412
96413
96418
96424
96426
96428
96430
96434
96438
96441
96443
96445
96447
96447
96452
96455
96457
96460
96464
96467
96469
96469
96472
96474
96477
96479
96480
96483
96485
96486
96487
96487
96492
96493
96495
96496
96497
96500
96507
96513
96515
96519
96522
96523
96528
96532
96533
96536
96538
96540
96541
96543
96543
96545
96547
96547
96549
96554
96558
96559
96562
96563
96565
96567
96571
96574
96575
96575
96579
96584
96586
96587
96588
96589
96592
96594
96596
96599
96600
96600
96602
96603
96604
96604
96605
96606
96608
96612
96615
96619
96622
96624
96624
96625
96625
96626
96630
96631
96632
96634
96635
96637
96638
96640
96641
96642
96645
96649
96649
96650
96652
96655
96657
96661
96666
96668
96672
96675
96678
96682
96684
96687
96690
96691
96691
96693
96696
96697
96700
96702
96704
96705
96708
96708
96708
96710
96714
96718
96722
96723
96723
96726
96728
96730
96733
96733
96734
96734
96736
96738
96741
96744
96745
96746
96750
96757
96761
96765
96769
96772
96776
96778
96779
96781
96782
96783
96786
96787
96789
96789
96792
96795
96798
96798
96801
96802
96803
96805
96806
96809
96810
96812
96814
96818
96819
96825
96828
96828
96830
96833
96836
96837
96839
96843
96845
96850
96852
96854
96856
96858
96862
96863
96865
96865
96866
96867
96869
96870
96872
96875
96875
96880
96884
96886
96888
96889
96891
96894
96900
96901
96904
96905
96906
96906
96907
96909
96911
96914
96916
96917
96919
96919
96920
96922
96924
96927
96932
96937
96941
96947
96949
96954
96958
96959
96960
96962
96964
96967
96968
96969
96972
96974
96974
96975
96978
96981
96985
96988
96990
96992
96994
96996
96996
96996
96999
97003
97003
97003
97003
97007
97008
97009
97010
97011
97012
97014
97014
97016
97017
97018
97020
97022
97024
97025
97027
97030
97032
97034
97037
97039
97041
97042
97045
97048
97048
97049
97050
97052
97054
97059
97060
97062
97068
97069
97074
97075
97077
97080
97083
97084
97084
97085
97087
97087
97087
97089
97090
97091
97096
97097
97098
97100
97103
97103
97104
97104
97106
97110
97112
97113
97118
97121
97124
97128
97130
97130
97132
97135
97136
97136
97142
97143
97144
97144
97144
97144
97144
97145
97147
97150
97151
97153
97157
97159
97160
97161
97166
97170
97174
97176
97179
97179
97181
97181
97184
97187
97188
97190
97191
97192
97194
97196
97197
97199
97202
97205
97209
97209
97211
97212
97215
97219
97220
97221
97224
97226
97228
97232
97235
97239
97241
97242
97243
97245
97249
97250
97252
97255
97255
97256
97260
97261
97264
97264
97264
97265
97267
97269
97270
97271
97272
97274
97277
97281
97282
97285
97287
97288
97289
97289
97290
97292
97293
97293
97294
97295
97298
97298
97299
97300
97300
97302
97304
97305
97305
97306
97309
97312
97313
97317
97320
97324
97324
97327
97329
97330
97331
97331
97336
97336
97338
97339
97341
97343
97344
97345
97347
97349
97350
97351
97354
97356
97359
97359
97365
97366
97367
97368
97370
97371
97371
97372
97373
97374
97375
97376
97378
97380
97383
97385
97390
97396
97396
97399
97404
97406
97409
97411
97411
97412
97412
97412
97413
97416
97416
97418
97421
97423
97426
97429
97429
97436
97436
97440
97441
97443
97447
97448
97451
97451
97455
97460
97460
97460
97460
97461
97464
97465
97467
97470
97472
97473
97476
97480
97482
97484
97487
97487
97489
97489
97490
97492
97494
97494
97495
97497
97501
97502
97504
97505
97506
97507
97508
97510
97511
97511
97513
97517
97519
97520
97521
97522
97524
97524
97527
97530
97533
97535
97538
97539
97540
97540
97542
97543
97544
97547
97548
97550
97554
97555
97556
97557
97559
97561
97565
97568
97571
97572
97575
97577
97580
97581
97584
97585
97587
97588
97590
97591
97596
97597
97597
97599
97601
97603
97604
97606
97606
97607
97608
97609
97612
97613
97616
97616
97616
97616
97617
97620
97623
97624
97627
97628
97630
97630
97632
97632
97632
97633
97637
97638
97639
97643
97644
97646
97647
97649
97650
97651
97653
97655
97656
97662
97665
97667
97669
97670
97671
97671
97671
97672
97676
97677
97680
97681
97683
97686
97686
97687
97689
97692
97694
97694
97697
97698
97699
97699
97702
97703
97705
97707
97710
97710
97712
97715
97717
97720
97721
97724
97728
97732
97734
97736
97738
97740
97743
97747
97748
97749
97750
97752
97752
97757
97757
97761
97764
97769
97771
97773
97774
97777
97781
97782
97783
97784
97784
97785
97786
97787
97790
97790
97790
97790
97791
97792
97795
97799
97799
97800
97804
97806
97808
97812
97814
97816
97819
97820
97820
97821
97824
97828
97830
97831
97832
97833
97836
97837
97838
97843
97844
97849
97850
97851
97854
97857
97858
97858
97864
97865
97867
97868
97870
97870
97872
97875
97875
97877
97877
97878
97879
97880
97883
97884
97887
97889
97889
97890
97891
97892
97894
97895
97896
97898
97899
97900
97901
97903
97905
97906
97909
97912
97916
97916
97917
97917
97917
97918
97919
97921
97922
97924
97925
97926
97929
97929
97930
97930
97932
97933
97935
97937
97937
97939
97939
97941
97942
97945
97946
97947
97948
97949
97950
97952
97953
97954
97954
97956
97957
97957
97957
97959
97960
97960
97961
97962
97965
97967
97968
97968
97970
97970
97972
97974
97975
97975
97976
97977
97980
97984
97985
97989
97992
97992
97994
97994
97995
97995
97995
97997
97998
97998
97999
98000
98000
98001
98003
98004
98005
98006
98008
98010
98010
98010
98012
98013
98014
98014
98016
98016
98019
98019
98021
98021
98024
98027
98031
98032
98033
98033
98033
98036
98036
98036
98037
98039
98039
98041
98043
98044
98046
98047
98048
98048
98051
98051
98052
98053
98054
98055
98057
98058
98061
98063
98063
98064
98065
98066
98067
98067
98067
98067
98068
98070
98073
98075
98075
98075
98076
98076
98076
98076
98077
98078
98078
98078
98079
98081
98083
98084
98088
98088
98090
98091
98091
98091
98094
98096
98096
98096
98097
98097
98097
98098
98100
98100
98102
98103
98104
98106
98106
98107
98108
98110
98110
98110
98110
98114
98115
98116
98118
98120
98120
98122
98123
98123
98124
98125
98126
98127
98127
98129
98133
98135
98135
98135
98135
98136
98140
98141
98141
98144
98147
98148
98150
98151
98152
98152
98153
98155
98155
98157
98157
98159
98159
98160
98160
98162
98165
98168
98169
98170
98172
98172
98173
98174
98174
98177
98177
98178
98179
98181
98183
98185
98188
98190
98190
98192
98193
98194
98194
98196
98196
98198
98199
98201
98202
98203
98204
98205
98208
98210
98210
98215
98217
98218
98218
98221
98224
98226
98227
98228
98228
98230
98231
98232
98235
98236
98238
98239
98239
98242
98244
98246
98247
98248
98249
98252
98254
98255
98256
98259
98259
98260
98261
98263
98265
98265
98267
98268
98269
98270
98272
98275
98276
98278
98280
98284
98285
98287
98288
98291
98291
98292
98294
98296
98297
98298
98302
98304
98304
98305
98305
98305
98306
98307
98308
98309
98309
98310
98311
98311
98313
98315
98318
98318
98319
98320
98321
98323
98325
98326
98327
98329
98329
98330
98331
98332
98332
98335
98336
98337
98339
98339
98341
98341
98341
98342
98342
98342
98342
98342
98344
98346
98347
98347
98349
98353
98356
98357
98358
98361
98361
98363
98366
98366
98366
98368
98368
98368
98368
98369
98371
98372
98372
98373
98374
98377
98379
98379
98380
98381
98382
98383
98385
98385
98386
98388
98389
98390
98390
98392
98393
98395
98396
98398
98399
98401
98401
98403
98404
98405
98407
98407
98409
98412
98412
98412
98414
98415
98415
98418
98419
98421
98423
98423
98424
98425
98427
98427
98427
98432
98432
98432
98432
98433
98434
98435
98435
98439
98441
98442
98442
98446
98449
98449
98449
98449
98450
98450
98451
98455
98456
98456
98459
98460
98462
98464
98466
98467
98467
98469
98469
98469
98471
98472
98475
98476
98479
98480
98484
98485
98485
98486
98488
98489
98489
98490
98490
98491
98491
98494
98494
98495
98498
98502
98503
98503
98504
98504
98507
98510
98511
98513
98513
98514
98516
98518
98520
98521
98524
98525
98526
98528
98528
98531
98532
98533
98533
98533
98537
98538
98538
98539
98540
98541
98541
98543
98543
98544
98545
98547
98547
98547
98549
98549
98552
98552
98553
98555
98556
98556
98557
98559
98559
98560
98560
98561
98563
98563
98563
98565
98566
98568
98570
98570
98570
98570
98570
98571
98574
98574
98575
98575
98576
98578
98578
98580
98582
98582
98583
98583
98583
98583
98583
98585
98586
98587
98587
98589
98589
98591
98594
98596
98597
98598
98598
98600
98600
98601
98603
98604
98604
98605
98607
98607
98608
98610
98611
98612
98612
98613
98614
98614
98614
98615
98615
98616
98616
98617
98619
98619
98620
98623
98623
98625
98625
98626
98626
98626
98626
98627
98628
98632
98632
98634
98634
98634
98635
98637
98637
98638
98638
98639
98641
98643
98644
98645
98646
98648
98650
98651
98654
98654
98657
98657
98657
98658
98660
98661
98661
98661
98664
98665
98665
98665
98665
98665
98665
98667
98669
98669
98670
98673
98673
98673
98673
98674
98675
98675
98677
98678
98679
98680
98680
98680
98682
98682
98683
98684
98684
98685
98685
98686
98690
98690
98691
98691
98691
98691
98691
98692
98693
98694
98696
98699
98700
98701
98701
98701
98701
98702
98702
98702
98702
98703
98703
98704
98704
98706
98707
98709
98711
98712
98712
98712
98713
98714
98714
98716
98718
98719
98719
98720
98720
98721
98722
98725
98725
98725
98726
98726
98726
98728
98731
98732
98732
98734
98734
98735
98736
98739
98739
98741
98742
98742
98743
98746
98748
98748
98749
98751
98752
98752
98753
98753
98754
98755
98757
98757
98757
98757
98758
98760
98761
98761
98763
98763
98763
98763
98764
98764
98764
98764
98765
98765
98766
98767
98768
98769
98769
98770
98771
98773
98773
98773
98773
98773
98776
98779
98779
98779
98779
98779
98781
98782
98783
98784
98785
98786
98787
98787
98787
98787
98787
98788
98788
98790
98790
98790
98791
98791
98792
98794
98794
98797
98797
98797
98798
98799
98799
98799
98800
98800
98802
98803
98804
98804
98804
98804
98806
98807
98807
98808
98808
98809
98809
98811
98811
98811
98813
98813
98814
98814
98815
98816
98816
98816
98817
98817
98819
98820
98821
98821
98821
98822
98824
98825
98827
98828
98828
98831
98831
98834
98834
98836
98838
98840
98840
98840
98843
98845
98845
98845
98846
98847
98848
98848
98850
98850
98850
98851
98851
98851
98851
98851
98852
98852
98852
98855
98855
98856
98858
98859
98860
98861
98863
98864
98866
98866
98866
98866
98866
98867
98868
98870
98870
98870
98871
98873
98875
98875
98875
98878
98879
98881
98882
98885
98885
98885
98886
98887
98888
98890
98891
98891
98892
98892
98894
98894
98894
98894
98895
98895
98895
98896
98896
98896
98896
98897
98897
98899
98900
98900
98900
98900
98901
98901
98902
98902
98904
98904
98904
98904
98904
98904
98904
98905
98905
98905
98907
98908
98909
98910
98910
98911
98912
98912
98913
98914
98915
98916
98918
98918
98920
98920
98920
98921
98921
98921
98922
98923
98923
98924
98924
98924
98925
98925
98926
98927
98928
98928
98931
98933
98933
98933
98934
98935
98935
98936
98936
98936
98937
98937
98938
98938
98938
98938
98940
98940
98941
98941
98942
98943
98944
98944
98944
98944
98945
98946
98946
98947
98947
98947
98947
98949
98950
98951
98952
98953
98955
98955
98956
98957
98957
98958
98962
98962
98964
98964
98964
98964
98964
98964
98965
98966
98966
98967
98967
98967
98968
98969
98969
98972
98973
98973
98973
98974
98974
98975
98977
98977
98978
98978
98979
98982
98983
98983
98984
98987
98987
98988
98988
98990
98992
98994
98995
98995
98995
98995
98995
98995
98996
98999
99001
99002
99003
99003
99003
99003
99003
99006
99007
99007
99007
99007
99009
99010
99010
99011
99011
99013
99014
99014
99015
99015
99015
99016
99016
99017
99018
99018
99018
99018
99019
99019
99020
99021
99021
99022
99023
99023
99024
99024
99024
99024
99024
99024
99025
99027
99028
99028
99029
99029
99030
99030
99035
99035
99036
99037
99037
99037
99037
99039
99040
99040
99041
99042
99045
99046
99046
99047
99048
99050
99050
99050
99050
99051
99052
99053
99054
99054
99055
99056
99058
99060
99060
99060
99061
99062
99063
99064
99065
99065
99065
99065
99066
99067
99067
99067
99068
99069
99070
99072
99073
99074
99075
99075
99075
99075
99075
99075
99075
99076
99076
99077
99078
99078
99079
99079
99079
99080
99080
99081
99082
99083
99084
99084
99085
99086
99087
99087
99087
99089
99090
99091
99091
99091
99094
99094
99095
99096
99097
99098
99098
99099
99099
99099
99100
99100
99100
99100
99101
99101
99102
99104
99105
99105
99106
99106
99107
99108
99108
99108
99109
99110
99111
99112
99112
99112
99112
99114
99114
99114
99116
99117
99119
99120
99120
99120
99120
99121
99121
99123
99124
99124
99124
99124
99126
99127
99128
99128
99129
99130
99130
99130
99130
99132
99132
99134
99135
99135
99136
99137
99137
99139
99139
99139
99140
99140
99140
99140
99140
99140
99140
99140
99140
99140
99141
99143
99143
99143
99143
99143
99144
99147
99150
99150
99151
99152
99154
99154
99154
99155
99155
99156
99156
99156
99156
99156
99157
99157
99157
99157
99160
99161
99161
99161
99162
99163
99163
99163
99163
99163
99164
99167
99167
99167
99167
99167
99167
99168
99168
99168
99171
99171
99172
99173
99174
99175
99175
99176
99176
99176
99177
99177
99177
99178
99178
99178
99178
99178
99178
99179
99181
99183
99184
99184
99185
99185
99186
99186
99186
99186
99186
99188
99188
99190
99190
99191
99191
99192
99192
99192
99193
99194
99194
99194
99196
99196
99196
99196
99196
99197
99197
99197
99197
99197
99197
99199
99199
99200
99200
99200
99201
99201
99201
99202
99202
99202
99202
99203
99203
99204
99205
99205
99206
99206
99206
99206
99207
99207
99208
99209
99209
99209
99209
99209
99209
99210
99210
99210
99211
99211
99212
99213
99214
99214
99214
99215
99215
99215
99215
99215
99215
99215
99215
99216
99217
99217
99217
99217
99217
99217
99217
99217
99218
99219
99220
99220
99220
99220
99220
99221
99221
99221
99222
99222
99223
99223
99224
99224
99224
99225
99225
99226
99227
99228
99228
99228
99229
99229
99230
99230
99230
99230
99231
99231
99232
99233
99233
99233
99233
99233
99234
99234
99235
99235
99235
99235
99235
99236
99236
99238
99238
99238
99238
99239
99241
99241
99241
99241
99242
99243
99244
99244
99244
99246
99247
99247
99247
99248
99248
99250
99250
99250
99252
99252
99253
99254
99255
99255
99256
99256
99256
99257
99257
99257
99258
99258
99259
99259
99259
99259
99261
99261
99261
99264
99267
99267
99267
99268
99268
99269
99269
99269
99269
99270
99270
99270
99272
99273
99273
99274
99275
99275
99276
99276
99276
99276
99276
99276
99276
99276
99276
99276
99276
99276
99277
99277
99279
99279
99279
99279
99279
99280
99280
99280
99280
99281
99281
99281
99281
99282
99283
99283
99283
99284
99284
99284
99284
99284
99285
99285
99286
99286
99286
99286
99289
99290
99290
99291
99291
99291
99291
99291
99291
99291
99292
99293
99293
99293
99294
99294
99295
99295
99295
99296
99297
99297
99298
99298
99299
99299
99300
99300
99301
99302
99302
99303
99304
99305
99305
99305
99305
99305
99305
99305
99305
99306
99306
99308
99308
99308
99308
99308
99309
99310
99311
99311
99311
99311
99311
99311
99311
99312
99312
99312
99313
99313
99313
99313
99313
99314
99314
99314
99316
99316
99316
99316
99316
99317
99318
99320
99320
99320
99324
99324
99325
99325
99325
99325
99325
99326
99328
99329
99329
99329
99329
99330
99331
99331
99331
99332
99332
99332
99332
99332
99334
99334
99334
99335
99335
99335
99335
99335
99335
99335
99336
99337
99337
99337
99337
99337
99337
99337
99338
99338
99338
99338
99338
99338
99338
99338
99338
99338
99339
99342
99343
99343
99343
99343
99343
99343
99344
99344
99344
99344
99344
99346
99346
99346
99346
99347
99348
99348
99348
99349
99349
99349
99350
99351
99352
99352
99352
99354
99355
99355
99356
99356
99357
99358
99358
99358
99358
99359
99360
99360
99360
99360
99361
99361
99362
99362
99363
99364
99365
99366
99366
99367
99368
99369
99369
99369
99369
99369
99370
99373
99373
99374
99374
99375
99376
99376
99378
99381
99383
99383
99383
99383
99385
99385
99385
99386
99386
99386
99389
99389
99389
99390
99390
99390
99391
99391
99391
99392
99392
99393
99393
99394
99394
99395
99395
99395
99396
99396
99398
99398
99398
99399
99399
99399
99400
99400
99401
99402
99402
99403
99403
99403
99404
99404
99404
99405
99405
99405
99406
99406
99406
99407
99407
99407
99407
99407
99408
99409
99409
99410
99411
99411
99411
99411
99411
99414
99414
99414
99414
99414
99415
99415
99415
99415
99415
99415
99415
99416
99416
99417
99417
99418
99418
99418
99419
99421
99422
99422
99422
99422
99422
99423
99423
99423
99424
99424
99425
99425
99426
99426
99427
99427
99428
99428
99428
99428
99429
99429
99429
99429
99429
99429
99430
99431
99431
99433
99433
99433
99433
99433
99434
99434
99436
99436
99436
99436
99437
99438
99438
99439
99439
99439
99439
99440
99442
99442
99445
99446
99447
99447
99447
99448
99448
99448
99450
99451
99451
99451
99451
99451
99451
99451
99451
99452
99452
99452
99452
99453
99453
99454
99455
99456
99456
99456
99457
99457
99457
99457
99458
99458
99458
99458
99458
99459
99460
99461
99461
99461
99461
99461
99462
99462
99462
99463
99463
99463
99463
99463
99463
99463
99463
99464
99464
99465
99465
99467
99468
99469
99470
99471
99471
99471
99472
99472
99473
99473
99473
99474
99475
99476
99476
99477
99477
99478
99478
99478
99478
99479
99479
99479
99479
99479
99480
99480
99480
99480
99480
99480
99480
99480
99481
99481
99482
99483
99483
99485
99485
99486
99486
99487
99487
99487
99487
99487
99487
99487
99487
99488
99489
99489
99490
99490
99490
99490
99490
99490
99490
99491
99491
99491
99492
99492
99492
99493
99493
99493
99495
99497
99497
99497
99499
99499
99499
99500
99500
99500
99500
99501
99501
99502
99503
99503
99504
99505
99506
99506
99506
99506
99507
99507
99507
99507
99508
99509
99509
99509
99509
99509
99509
99510
99510
99511
99511
99511
99512
99512
99512
99512
99512
99513
99513
99513
99513
99513
99514
99515
99515
99517
99517
99517
99517
99517
99517
99519
99519
99519
99519
99519
99519
99521
99521
99521
99521
99521
99522
99522
99522
99522
99522
99523
99523
99524
99524
99525
99525
99525
99526
99526
99526
99527
99528
99528
99529
99529
99530
99530
99530
99530
99530
99530
99530
99530
99530
99530
99530
99530
99531
99531
99531
99531
99531
99532
99532
99533
99533
99534
99534
99534
99534
99535
99535
99535
99535
99535
99537
99537
99538
99538
99538
99538
99538
99538
99539
99539
99539
99539
99539
99540
99540
99540
99540
99540
99540
99540
99540
99541
99542
99544
99544
99544
99544
99546
99547
99547
99548
99548
99549
99549
99549
99550
99550
99550
99551
99551
99552
99552
99552
99552
99552
99552
99552
99552
99552
99553
99553
99554
99554
99554
99554
99555
99556
99556
99556
99556
99556
99557
99557
99557
99557
99557
99559
99559
99559
99560
99560
99560
99560
99560
99561
99561
99562
99563
99563
99563
99563
99563
99565
99565
99565
99565
99565
99565
99565
99566
99566
99566
99568
99568
99569
99569
99570
99571
99571
99571
99571
99571
99571
99571
99571
99571
99572
99573
99575
99576
99579
99579
99580
99580
99580
99580
99580
99580
99580
99580
99580
99580
99581
99581
99581
99581
99582
99582
99582
99582
99583
99584
99585
99586
99587
99587
99587
99587
99587
99588
99589
99589
99589
99589
99589
99589
99589
99589
99589
99589
99589
99589
99589
99589
99589
99590
99590
99591
99591
99591
99591
99591
99591
99593
99593
99594
99594
99594
99594
99594
99594
99594
99595
99595
99595
99595
99595
99596
99596
99596
99596
99596
99596
99596
99596
99596
99596
99596
99596
99596
99596
99596
99596
99596
99596
99596
99596
99597
99597
99597
99597
99597
99597
99597
99598
99598
99599
99599
99599
99599
99600
99600
99600
99600
99601
99601
99602
99602
99602
99602
99602
99602
99602
99602
99602
99602
99602
99602
99602
99602
99602
99602
99603
99603
99604
99605
99606
99607
99607
99607
99607
99608
99608
99608
99609
99610
99611
99612
99612
99612
99612
99613
99613
99614
99614
99614
99614
99614
99614
99614
99614
99614
99614
99614
99615
99615
99615
99615
99616
99616
99616
99616
99617
99617
99617
99617
99617
99618
99618
99618
99618
99618
99618
99619
99620
99620
99620
99620
99621
99622
99622
99623
99623
99624
99624
99624
99625
99625
99625
99626
99627
99627
99627
99627
99627
99627
99628
99628
99628
99629
99629
99629
99629
99629
99630
99630
99630
99630
99631
99631
99631
99631
99631
99632
99633
99634
99634
99634
99634
99634
99634
99635
99635
99635
99635
99635
99635
99635
99636
99636
99636
99636
99636
99636
99636
99637
99637
99637
99638
99638
99638
99640
99640
99640
99640
99640
99640
99640
99640
99643
99643
99643
99645
99645
99645
99645
99645
99645
99645
99645
99645
99645
99646
99647
99647
99647
99647
99647
99647
99647
99647
99648
99648
99648
99648
99648
99648
99648
99648
99648
99648
99648
99648
99648
99649
99650
99650
99650
99650
99650
99650
99650
99650
99650
99650
99651
99651
99651
99651
99651
99651
99651
99651
99651
99651
99652
99652
99652
99652
99652
99652
99654
99654
99655
99655
99655
99655
99655
99655
99655
99655
99656
99656
99656
99656
99656
99656
99657
99658
99659
99659
99659
99659
99659
99659
99659
99659
99659
99659
99659
99659
99659
99659
99659
99659
99659
99659
99659
99659
99659
99659
99659
99660
99660
99660
99660
99660
99660
99660
99661
99661
99662
99663
99663
99663
99664
99664
99665
99665
99665
99665
99666
99667
99667
99667
99668
99668
99668
99668
99668
99668
99668
99668
99670
99670
99670
99670
99670
99671
99671
99671
99671
99671
99671
99671
99671
99671
99671
99672
99672
99672
99673
99673
99673
99673
99673
99673
99673
99673
99673
99673
99673
99673
99673
99673
99673
99673
99673
99673
99673
99673
99673
99673
99674
99675
99676
99676
99676
99676
99677
99677
99677
99677
99677
99679
99680
99680
99681
99681
99682
99682
99682
99682
99683
99684
99684
99684
99684
99684
99685
99685
99688
99688
99689
99689
99689
99689
99690
99691
99691
99691
99691
99691
99691
99691
99691
99691
99692
99692
99693
99693
99693
99693
99693
99693
99694
99694
99694
99694
99694
99695
99696
99697
99697
99698
99698
99699
99700
99700
99700
99700
99700
99700
99700
99700
99700
99700
99700
99700
99700
99700
99700
99700
99700
99701
99701
99702
99702
99702
99702
99703
99703
99703
99703
99703
99703
99703
99704
99704
99705
99705
99706
99707
99708
99708
99708
99708
99708
99708
99708
99708
99708
99708
99708
99708
99708
99708
99708
99708
99708
99709
99709
99709
99709
99709
99710
99710
99710
99710
99710
99710
99710
99710
99710
99710
99710
99710
99710
99710
99710
99710
99711
99711
99712
99712
99712
99713
99713
99713
99714
99714
99714
99714
99714
99715
99715
99715
99715
99715
99715
99715
99715
99715
99715
99715
99715
99715
99715
99715
99715
99715
99715
99715
99715
99715
99715
99715
99715
99715
99715
99715
99716
99716
99716
99716
99716
99717
99718
99720
99721
99721
99721
99721
99722
99722
99723
99723
99723
99723
99724
99724
99724
99724
99724
99724
99724
99725
99725
99725
99726
99726
99726
99726
99726
99726
99726
99727
99727
99727
99727
99727
99727
99727
99727
99728
99728
99729
99729
99729
99729
99729
99729
99729
99729
99729
99729
99729
99729
99729
99729
99729
99729
99729
99729
99729
99729
99729
99730
99730
99730
99731
99731
99731
99731
99731
99731
99731
99731
99731
99732
99732
99732
99732
99732
99732
99732
99732
99732
99732
99732
99732
99732
99732
99732
99732
99732
99732
99732
99732
99732
99732
99733
99733
99733
99733
99734
99734
99734
99735
99735
99735
99735
99735
99735
99736
99736
99736
99737
99738
99738
99739
99739
99740
99740
99741
99742
99742
99742
99742
99742
99742
99742
99742
99745
99745
99745
99745
99746
99746
99746
99746
99746
99746
99746
99746
99746
99746
99746
99746
99746
99746
99746
99747
99747
99747
99747
99747
99747
99748
99748
99748
99748
99748
99748
99748
99748
99749
99749
99749
99749
99750
99750
99750
99750
99750
99750
99750
99750
99750
99750
99750
99750
99750
99750
99750
99750
99750
99750
99750
99750
99750
99750
99750
99750
99750
99750
99751
99751
99751
99751
99751
99752
99752
99752
99752
99752
99752
99752
99752
99752
99752
99752
99752
99752
99752
99755
99755
99755
99755
99755
99755
99756
99756
99757
99757
99757
99757
99757
99757
99757
99757
99757
99758
99758
99758
99758
99758
99758
99758
99759
99759
99759
99759
99759
99759
99759
99759
99759
99760
99760
99760
99760
99760
99760
99760
99761
99761
99761
99761
99761
99761
99761
99762
99762
99762
99762
99762
99762
99762
99762
99762
99762
99762
99762
99762
99762
99763
99763
99763
99763
99763
99763
99763
99763
99763
99763
99763
99763
99763
99763
99763
99763
99763
99763
99763
99763
99764
99764
99764
99764
99765
99766
99766
99767
99767
99768
99768
99768
99768
99768
99768
99768
99769
99769
99771
99771
99771
99771
99771
99771
99771
99771
99771
99772
99772
99774
99774
99774
99774
99774
99774
99774
99774
99774
99775
99775
99775
99776
99776
99776
99776
99777
99777
99777
99778
99779
99779
99780
99780
99780
99780
99780
99780
99780
99780
99780
99781
99781
99781
99782
99782
99782
99782
99782
99782
99782
99782
99782
99782
99782
99782
99782
99782
99782
99783
99783
99783
99783
99783
99783
99784
99784
99784
99784
99784
99784
99784
99784
99784
99784
99784
99784
99784
99784
99784
99784
99784
99784
99784
99785
99787
99787
99787
99788
99788
99788
99788
99788
99788
99788
99788
99788
99788
99788
99788
99788
99791
99791
99792
99794
99794
99794
99794
99794
99794
99794
99795
99795
99795
99795
99795
99795
99795
99795
99795
99795
99795
99795
99795
99795
99795
99795
99795
99795
99795
99796
99796
99796
99796
99796
99796
99797
99797
99797
99797
99797
99797
99797
99797
99797
99798
99798
99798
99799
99800
99800
99800
99801
99801
99801
99802
99803
99803
99803
99803
99803
99803
99803
99803
99803
99803
99803
99803
99803
99803
99803
99803
99803
99804
99804
99804
99804
99805
99805
99805
99805
99805
99805
99805
99805
99805
99805
99805
99805
99805
99805
99806
99806
99806
99806
99806
99806
99806
99806
99806
99807
99807
99807
99807
99807
99807
99807
99807
99807
99807
99807
99807
99807
99807
99808
99809
99809
99809
99810
99810
99810
99810
99810
99811
99811
99811
99812
99812
99812
99812
99812
99812
99812
99812
99812
99813
99813
99813
99813
99813
99813
99813
99813
99813
99813
99815
99815
99815
99815
99815
99815
99816
99816
99816
99816
99817
99817
99817
99817
99817
99817
99817
99817
99817
99817
99817
99818
99818
99818
99818
99818
99818
99819
99819
99819
99819
99819
99819
99819
99819
99820
99820
99820
99820
99821
99821
99821
99821
99821
99822
99822
99822
99822
99822
99822
99822
99822
99822
99823
99823
99823
99823
99823
99823
99823
99823
99823
99823
99823
99823
99823
99823
99823
99823
99823
99823
99823
99823
99824
99824
99824
99824
99824
99824
99824
99825
99825
99825
99825
99825
99825
99825
99825
99825
99825
99825
99825
99825
99825
99825
99825
99825
99825
99826
99826
99826
99826
99826
99826
99827
99828
99828
99828
99828
99828
99828
99828
99828
99828
99828
99828
99828
99828
99828
99828
99828
99828
99828
99828
99828
99828
99828
99828
99828
99828
99829
99829
99829
99829
99829
99829
99829
99829
99829
99829
99829
99829
99829
99829
99830
99830
99830
99830
99830
99831
99831
99831
99831
99832
99832
99832
99832
99833
99833
99833
99833
99833
99834
99834
99834
99834
99834
99834
99834
99834
99834
99834
99834
99834
99834
99834
99834
99834
99834
99834
99834
99834
99834
99834
99834
99834
99834
99834
99834
99834
99834
99834
99834
99834
99834
99834
99834
99834
99834
99834
99834
99836
99836
99836
99836
99836
99836
99836
99836
99836
99836
99837
99837
99837
99838
99838
99838
99838
99838
99839
99839
99839
99840
99840
99841
99841
99842
99842
99842
99842
99843
99843
99843
99843
99843
99843
99843
99844
99844
99844
99844
99844
99844
99845
99845
99845
99845
99845
99845
99845
99845
99845
99845
99845
99845
99845
99845
99845
99845
99845
99846
99846
99846
99846
99846
99847
99847
99847
99847
99847
99847
99847
99847
99847
99847
99847
99847
99847
99847
99847
99847
99847
99847
99847
99847
99847
99847
99847
99847
99847
99847
99847
99847
99847
99847
99848
99848
99849
99849
99849
99850
99850
99850
99850
99850
99850
99852
99852
99852
99852
99852
99852
99852
99852
99852
99852
99852
99852
99852
99853
99853
99853
99853
99853
99853
99853
99853
99853
99853
99853
99854
99854
99854
99854
99855
99855
99855
99855
99855
99855
99856
99856
99857
99857
99858
99858
99858
99859
99859
99859
99860
99860
