0
1
2
3
2
1
5
5
4
4
13
13
7
14
15
14
12
21
14
21
23
27
18
22
21
31
27
27
29
26
22
38
28
38
31
26
36
25
23
41
46
23
37
38
26
43
31
34
26
34
45
39
41
48
41
46
34
30
39
31
45
50
39
36
41
44
50
40
30
34
48
49
44
38
38
40
40
53
48
37
48
37
45
44
46
36
40
39
33
37
37
35
42
38
38
47
48
39
43
35
33
38
31
41
40
33
39
34
42
40
36
40
51
33
45
41
31
40
37
22
34
38
50
34
33
33
40
31
41
37
43
38
48
31
38
33
33
33
34
40
36
25
31
28
42
33
34
34
36
38
30
39
31
25
27
23
30
29
22
31
31
31
36
25
37
25
27
26
31
31
31
31
23
30
25
30
30
25
22
31
26
32
27
24
24
18
31
29
27
28
26
34
28
11
19
20
34
25
30
29
28
22
27
21
29
25
18
26
30
18
27
24
25
19
20
15
18
26
26
21
18
27
20
17
27
18
18
20
23
15
17
17
20
27
21
20
25
20
16
19
26
25
22
10
24
12
17
20
20
15
20
10
18
15
14
13
19
19
11
18
15
23
13
17
13
12
16
22
15
15
11
12
18
12
17
15
13
7
13
15
16
16
8
15
14
10
8
15
9
14
8
10
12
14
7
10
11
10
14
13
12
13
14
14
7
14
18
5
13
7
9
21
12
7
11
12
16
15
12
14
11
16
19
7
10
10
9
9
10
14
7
5
17
5
14
12
10
5
18
9
11
18
10
8
14
7
11
7
9
9
10
8
10
11
9
5
6
10
9
13
12
12
7
9
9
8
6
5
8
8
4
14
4
7
6
12
3
10
11
10
7
5
11
8
9
10
9
4
6
8
14
8
10
15
8
5
8
8
5
4
7
6
6
7
10
4
7
4
5
3
6
7
4
3
12
3
4
7
6
6
3
3
7
5
2
3
8
6
2
5
3
5
10
3
6
11
8
9
4
3
3
10
4
9
1
3
4
7
11
5
3
4
5
11
3
8
4
7
3
3
6
5
2
3
9
3
6
6
5
4
5
7
5
4
2
5
7
4
4
6
4
5
2
7
6
5
4
5
4
5
1
3
3
5
0
3
3
2
1
4
2
4
3
2
3
5
2
3
5
5
2
3
5
3
4
4
6
1
2
1
5
1
1
3
0
2
2
4
2
1
1
2
5
5
1
5
2
1
1
2
1
1
3
2
4
1
3
0
1
2
4
3
4
1
3
0
2
3
4
1
2
0
1
2
2
3
3
3
2
1
1
0
3
2
3
2
2
1
3
0
3
0
1
1
0
2
1
0
0
0
3
1
0
2
2
1
1
0
0
1
3
3
1
3
1
2
1
3
0
2
0
2
2
2
1
0
2
3
0
0
1
0
1
0
2
2
2
0
0
3
0
0
1
0
1
0
1
2
0
1
0
1
1
1
0
2
2
1
0
1
0
2
1
2
1
2
2
0
0
1
0
0
1
1
1
0
1
2
0
2
2
0
2
1
1
1
1
0
0
3
0
1
2
3
0
3
0
0
2
1
3
2
0
0
1
2
0
1
2
1
0
2
0
1
0
3
2
0
0
1
0
0
0
0
0
0
0
0
3
0
0
2
0
0
1
1
0
1
0
0
0
1
0
0
1
0
1
0
1
1
1
2
0
2
1
0
1
1
3
2
0
0
0
0
1
1
0
0
1
0
0
0
0
0
0
1
0
0
0
2
1
0
1
0
1
0
2
0
0
0
0
1
0
1
2
1
1
0
1
0
0
1
0
0
0
0
0
0
2
0
1
0
1
0
3
0
0
1
0
0
2
0
0
0
1
1
0
0
0
0
0
0
0
0
0
2
0
1
1
0
0
0
0
0
0
0
0
0
0
0
0
1
0
0
2
0
0
0
1
0
1
0
0
0
0
0
0
1
3
1
0
0
1
0
0
0
0
0
0
0
1
1
0
0
0
0
0
0
0
0
0
0
0
0
0
0
1
0
0
0
0
1
0
0
0
0
0
1
0
0
0
1
0
0
0
1
1
1
0
0
0
0
0
0
0
1
0
0
0
1
0
0
1
1
1
0
1
0
0
0
0
0
0
1
0
0
0
0
0
0
0
0
0
0
0
0
0
1
1
0
0
0
0
0
1
0
0
0
0
0
0
0
0
0
0
0
0
0
0
0
0
1
0
0
0
0
0
1
0
0
0
0
0
0
0
0
0
0
0
0
0
0
0
0
0
0
0
0
0
0
