0
2565
1913
1500
1223
978
771
639
520
458
387
334
295
271
251
258
237
221
211
214
188
190
179
174
171
148
154
170
159
175
149
156
158
134
160
144
135
140
126
128
147
141
138
106
123
124
129
118
119
125
108
103
115
122
106
127
117
127
106
112
106
114
87
99
79
91
87
82
94
90
99
86
89
89
95
93
80
86
99
96
61
82
62
57
76
77
74
84
80
66
81
77
79
66
76
79
69
81
65
69
53
76
68
62
64
65
51
71
58
61
56
48
49
55
65
61
35
59
47
52
46
46
51
51
52
47
46
55
39
49
42
36
48
36
50
35
43
53
49
54
39
47
46
43
44
37
31
36
28
44
36
43
32
31
32
36
39
51
27
36
33
43
38
42
27
33
28
43
34
33
26
46
32
33
26
27
32
28
42
29
18
36
29
44
40
45
40
27
26
41
26
29
22
21
25
25
24
23
20
28
35
31
22
30
26
23
23
24
25
15
33
20
32
19
14
17
27
23
17
32
22
29
24
20
30
13
17
23
18
24
15
21
16
15
18
16
18
16
23
13
17
27
25
19
20
26
19
18
12
22
20
22
10
15
19
21
13
22
23
18
19
21
17
13
20
21
20
21
12
8
13
20
21
13
16
15
15
16
16
16
18
6
14
14
11
16
15
15
14
18
12
18
12
17
12
18
13
16
7
9
10
7
8
6
9
13
23
10
10
10
13
13
11
14
6
8
11
9
11
11
7
11
11
11
17
11
4
9
6
8
7
6
12
10
15
9
7
11
7
9
14
13
8
5
8
8
14
10
6
13
8
9
12
10
12
13
9
7
13
9
7
9
10
6
6
12
10
8
4
16
8
12
7
8
4
7
15
9
5
9
13
8
10
6
8
6
14
6
11
6
7
9
5
7
8
8
8
10
6
8
6
8
6
6
7
8
7
5
8
6
10
3
5
4
10
5
7
8
8
9
6
3
5
7
7
7
5
9
4
7
5
4
2
2
4
7
5
7
6
4
3
4
2
5
3
6
3
2
7
3
6
2
10
5
3
5
3
4
4
2
8
8
2
4
4
4
6
5
6
0
6
2
5
4
3
4
4
8
0
5
3
4
1
5
5
5
2
6
3
3
3
5
3
5
5
4
2
3
4
3
1
5
8
3
1
4
1
2
4
2
3
3
5
3
4
9
2
1
1
3
2
4
2
4
1
7
5
4
3
1
4
8
3
3
4
3
3
0
1
3
2
0
6
3
2
2
1
1
0
0
3
3
1
1
2
2
1
1
2
2
2
2
2
2
0
2
2
1
1
3
0
1
0
3
0
1
2
4
1
5
1
2
2
4
2
3
2
1
3
1
0
3
0
4
3
6
0
1
3
1
2
1
2
1
3
1
1
3
4
1
0
2
1
3
0
0
1
0
1
2
2
2
1
1
2
0
5
1
5
3
2
1
0
1
2
0
1
1
0
3
2
3
1
0
0
1
0
1
1
1
1
0
2
3
2
1
1
2
1
0
1
1
0
1
0
1
1
3
2
2
1
0
0
2
1
0
0
0
1
0
2
0
0
1
0
2
2
1
1
1
1
1
1
2
0
1
1
6
4
0
2
1
0
3
1
1
0
1
1
0
0
0
1
0
2
0
0
2
1
0
1
0
0
1
0
0
1
1
1
0
2
0
0
1
1
0
2
1
0
0
0
1
0
1
1
1
1
0
0
1
1
0
1
0
0
1
2
0
1
1
1
3
0
0
1
0
1
1
2
0
0
0
1
1
1
1
1
2
0
0
0
0
2
0
1
0
0
0
1
1
0
1
1
0
2
0
0
0
0
0
1
1
0
0
1
0
0
0
0
0
0
0
0
0
1
0
1
0
1
0
2
0
0
0
0
0
0
1
1
2
1
0
0
1
0
0
0
1
1
1
3
0
0
0
0
0
0
0
0
0
0
1
1
1
0
0
0
0
0
0
0
0
0
0
1
0
0
0
0
0
0
0
0
0
0
0
0
0
0
0
0
0
0
0
0
0
0
0
0
0
0
0
0
0
0
0
1
0
0
0
0
0
0
0
0
1
0
0
0
0
0
1
0
0
2
0
1
0
0
0
0
0
0
1
0
0
0
0
1
0
0
0
1
0
0
0
0
1
0
0
0
0
0
0
0
0
0
0
0
0
0
0
1
0
0
0
0
0
0
0
0
0
0
0
0
0
0
0
0
0
0
0
0
0
0
0
0
0
0
0
0
0
0
0
0
0
1
0
0
0
0
0
0
0
0
0
1
0
0
1
